load_zone	timestamp	ZoneTotalCentralDispatch	ZoneTotalDistributedDispatch	zone_demand_mw
West	2017020100	1371.48	0	1371.48
West	2017020101	1340.68	0	1340.68
West	2017020102	1289.63	0	1289.63
West	2017020103	1253.36	0	1253.36
West	2017020104	1231.14	0	1231.14
West	2017020105	1233.46	0	1233.46
West	2017020106	1260.65	0	1260.65
West	2017020107	1284.75	0	1284.75
West	2017020108	1325.34	0	1325.34
West	2017020109	1381.91	0	1381.91
West	2017020110	1423.87	0	1423.87
West	2017020111	1470.51	0	1470.51
West	2017020112	1513.8	0	1513.8
West	2017020113	1549.92	0	1549.92
West	2017020114	1579.12	0	1579.12
West	2017020115	1604.55	0	1604.55
West	2017020116	1620.67	0	1620.67
West	2017020117	1649.37	0	1649.37
West	2017020118	1752.63	0	1752.63
West	2017020119	1735.82	0	1735.82
West	2017020120	1687.79	0	1687.79
West	2017020121	1628.46	0	1628.46
West	2017020122	1542.91	0	1542.91
West	2017020123	1444.2	0	1444.2
West	2017020200	1349.76	0	1349.76
West	2017020201	1290.65	0	1290.65
West	2017020202	1252.46	0	1252.46
West	2017020203	1241.18	0	1241.18
West	2017020204	1249.78	0	1249.78
West	2017020205	1288.45	0	1288.45
West	2017020206	1357.32	0	1357.32
West	2017020207	1400.23	0	1400.23
West	2017020208	1458.42	0	1458.42
West	2017020209	1547.51	0	1547.51
West	2017020210	1636.1	0	1636.1
West	2017020211	1703.46	0	1703.46
West	2017020212	1743.82	0	1743.82
West	2017020213	1782.3	0	1782.3
West	2017020214	1814.99	0	1814.99
West	2017020215	1833.56	0	1833.56
West	2017020216	1834.58	0	1834.58
West	2017020217	1825.7	0	1825.7
West	2017020218	1896.85	0	1896.85
West	2017020219	1862.01	0	1862.01
West	2017020220	1795.12	0	1795.12
West	2017020221	1702.73	0	1702.73
West	2017020222	1580.89	0	1580.89
West	2017020223	1441.56	0	1441.56
West	2017020300	1334.46	0	1334.46
West	2017020301	1271.78	0	1271.78
West	2017020302	1246.88	0	1246.88
West	2017020303	1251.97	0	1251.97
West	2017020304	1287.02	0	1287.02
West	2017020305	1406.57	0	1406.57
West	2017020306	1605.72	0	1605.72
West	2017020307	1698.58	0	1698.58
West	2017020308	1689.69	0	1689.69
West	2017020309	1669.18	0	1669.18
West	2017020310	1669.39	0	1669.39
West	2017020311	1674.73	0	1674.73
West	2017020312	1696.63	0	1696.63
West	2017020313	1739.79	0	1739.79
West	2017020314	1768.58	0	1768.58
West	2017020315	1786.17	0	1786.17
West	2017020316	1785.03	0	1785.03
West	2017020317	1779.55	0	1779.55
West	2017020318	1879.99	0	1879.99
West	2017020319	1854.44	0	1854.44
West	2017020320	1805.44	0	1805.44
West	2017020321	1724.96	0	1724.96
West	2017020322	1614.68	0	1614.68
West	2017020323	1492.72	0	1492.72
West	2017020400	1402.37	0	1402.37
West	2017020401	1372.31	0	1372.31
West	2017020402	1357.32	0	1357.32
West	2017020403	1380.94	0	1380.94
West	2017020404	1456.34	0	1456.34
West	2017020405	1611.28	0	1611.28
West	2017020406	1864.64	0	1864.64
West	2017020407	1966.92	0	1966.92
West	2017020408	1964.22	0	1964.22
West	2017020409	1973.38	0	1973.38
West	2017020410	1960.69	0	1960.69
West	2017020411	1950.85	0	1950.85
West	2017020412	1916.97	0	1916.97
West	2017020413	1877.74	0	1877.74
West	2017020414	1824.24	0	1824.24
West	2017020415	1803.87	0	1803.87
West	2017020416	1830.96	0	1830.96
West	2017020417	1948.19	0	1948.19
West	2017020418	2102.97	0	2102.97
West	2017020419	2119.63	0	2119.63
West	2017020420	2103.69	0	2103.69
West	2017020421	2034.19	0	2034.19
West	2017020422	1907.45	0	1907.45
West	2017020423	1764.22	0	1764.22
West	2017020500	1671.69	0	1671.69
West	2017020501	1604.22	0	1604.22
West	2017020502	1563.21	0	1563.21
West	2017020503	1549.14	0	1549.14
West	2017020504	1571.91	0	1571.91
West	2017020505	1691.51	0	1691.51
West	2017020506	1883.34	0	1883.34
West	2017020507	1927.1	0	1927.1
West	2017020508	1859.43	0	1859.43
West	2017020509	1828.51	0	1828.51
West	2017020510	1793.65	0	1793.65
West	2017020511	1747.27	0	1747.27
West	2017020512	1712.79	0	1712.79
West	2017020513	1695.4	0	1695.4
West	2017020514	1684.08	0	1684.08
West	2017020515	1690.55	0	1690.55
West	2017020516	1726.55	0	1726.55
West	2017020517	1821.81	0	1821.81
West	2017020518	1976.46	0	1976.46
West	2017020519	2023.13	0	2023.13
West	2017020520	2046.55	0	2046.55
West	2017020521	2029.95	0	2029.95
West	2017020522	1954.85	0	1954.85
West	2017020523	1866.31	0	1866.31
West	2017020600	1826.73	0	1826.73
West	2017020601	1829.69	0	1829.69
West	2017020602	1849.85	0	1849.85
West	2017020603	1892.42	0	1892.42
West	2017020604	1982.38	0	1982.38
West	2017020605	2170.13	0	2170.13
West	2017020606	2447.66	0	2447.66
West	2017020607	2585.77	0	2585.77
West	2017020608	2604.5	0	2604.5
West	2017020609	2655.22	0	2655.22
West	2017020610	2705.01	0	2705.01
West	2017020611	2717.91	0	2717.91
West	2017020612	2711	0	2711
West	2017020613	2702.25	0	2702.25
West	2017020614	2698.17	0	2698.17
West	2017020615	2744.24	0	2744.24
West	2017020616	2826.49	0	2826.49
West	2017020617	2943.03	0	2943.03
West	2017020618	3083.9	0	3083.9
West	2017020619	3089.47	0	3089.47
West	2017020620	3079.16	0	3079.16
West	2017020621	3038.55	0	3038.55
West	2017020622	2954.65	0	2954.65
West	2017020623	2880.85	0	2880.85
West	2017020700	2815.62	0	2815.62
West	2017020701	2785.26	0	2785.26
West	2017020702	2785.31	0	2785.31
West	2017020703	2807.35	0	2807.35
West	2017020704	2853.58	0	2853.58
West	2017020705	2944.2	0	2944.2
West	2017020706	3056.63	0	3056.63
West	2017020707	3148.78	0	3148.78
West	2017020708	3160.22	0	3160.22
West	2017020709	3087.09	0	3087.09
West	2017020710	2944	0	2944
West	2017020711	2760.34	0	2760.34
West	2017020712	2567.37	0	2567.37
West	2017020713	2385.06	0	2385.06
West	2017020714	2248.11	0	2248.11
West	2017020715	2162.17	0	2162.17
West	2017020716	2141.95	0	2141.95
West	2017020717	2272.83	0	2272.83
West	2017020718	2525.72	0	2525.72
West	2017020719	2629.08	0	2629.08
West	2017020720	2692.11	0	2692.11
West	2017020721	2708.21	0	2708.21
West	2017020722	2686.07	0	2686.07
West	2017020723	2647.75	0	2647.75
West	2017020800	2622.27	0	2622.27
West	2017020801	2619.1	0	2619.1
West	2017020802	2627.27	0	2627.27
West	2017020803	2652.11	0	2652.11
West	2017020804	2702.58	0	2702.58
West	2017020805	2773.3	0	2773.3
West	2017020806	2864.43	0	2864.43
West	2017020807	2936.26	0	2936.26
West	2017020808	2901.37	0	2901.37
West	2017020809	2750.11	0	2750.11
West	2017020810	2583.8	0	2583.8
West	2017020811	2410.53	0	2410.53
West	2017020812	2241.66	0	2241.66
West	2017020813	2080.8	0	2080.8
West	2017020814	1974.68	0	1974.68
West	2017020815	1913.17	0	1913.17
West	2017020816	1930.95	0	1930.95
West	2017020817	2045.23	0	2045.23
West	2017020818	2217.04	0	2217.04
West	2017020819	2259.64	0	2259.64
West	2017020820	2255	0	2255
West	2017020821	2186.26	0	2186.26
West	2017020822	2059.53	0	2059.53
West	2017020823	1913.15	0	1913.15
West	2017020900	1794.47	0	1794.47
West	2017020901	1738.1	0	1738.1
West	2017020902	1725.38	0	1725.38
West	2017020903	1742.45	0	1742.45
West	2017020904	1809.32	0	1809.32
West	2017020905	1970.71	0	1970.71
West	2017020906	2215.11	0	2215.11
West	2017020907	2260.89	0	2260.89
West	2017020908	2161.45	0	2161.45
West	2017020909	2047.01	0	2047.01
West	2017020910	1912.5	0	1912.5
West	2017020911	1812.43	0	1812.43
West	2017020912	1743.94	0	1743.94
West	2017020913	1696.37	0	1696.37
West	2017020914	1664.2	0	1664.2
West	2017020915	1651.89	0	1651.89
West	2017020916	1661.31	0	1661.31
West	2017020917	1702.81	0	1702.81
West	2017020918	1843.66	0	1843.66
West	2017020919	1849.83	0	1849.83
West	2017020920	1822.46	0	1822.46
West	2017020921	1744.27	0	1744.27
West	2017020922	1613.05	0	1613.05
West	2017020923	1470.02	0	1470.02
West	2017021000	1391.73	0	1391.73
West	2017021001	1331.65	0	1331.65
West	2017021002	1309.94	0	1309.94
West	2017021003	1309.18	0	1309.18
West	2017021004	1343.43	0	1343.43
West	2017021005	1455.11	0	1455.11
West	2017021006	1683.56	0	1683.56
West	2017021007	1747.39	0	1747.39
West	2017021008	1701.92	0	1701.92
West	2017021009	1682.49	0	1682.49
West	2017021010	1672.94	0	1672.94
West	2017021011	1669.39	0	1669.39
West	2017021012	1677.73	0	1677.73
West	2017021013	1690.64	0	1690.64
West	2017021014	1711.87	0	1711.87
West	2017021015	1730.19	0	1730.19
West	2017021016	1749.89	0	1749.89
West	2017021017	1765.93	0	1765.93
West	2017021018	1868.61	0	1868.61
West	2017021019	1866.1	0	1866.1
West	2017021020	1819.33	0	1819.33
West	2017021021	1733.31	0	1733.31
West	2017021022	1601.78	0	1601.78
West	2017021023	1446.43	0	1446.43
West	2017021100	1334.55	0	1334.55
West	2017021101	1274.2	0	1274.2
West	2017021102	1244.2	0	1244.2
West	2017021103	1232.39	0	1232.39
West	2017021104	1256.45	0	1256.45
West	2017021105	1361.34	0	1361.34
West	2017021106	1574.47	0	1574.47
West	2017021107	1649.84	0	1649.84
West	2017021108	1624.52	0	1624.52
West	2017021109	1643.32	0	1643.32
West	2017021110	1666.87	0	1666.87
West	2017021111	1692.67	0	1692.67
West	2017021112	1715.15	0	1715.15
West	2017021113	1751.29	0	1751.29
West	2017021114	1783.74	0	1783.74
West	2017021115	1806.31	0	1806.31
West	2017021116	1825.45	0	1825.45
West	2017021117	1833.06	0	1833.06
West	2017021118	1923.46	0	1923.46
West	2017021119	1933.6	0	1933.6
West	2017021120	1888.23	0	1888.23
West	2017021121	1791.66	0	1791.66
West	2017021122	1657.32	0	1657.32
West	2017021123	1495.29	0	1495.29
West	2017021200	1367.85	0	1367.85
West	2017021201	1301.01	0	1301.01
West	2017021202	1261.17	0	1261.17
West	2017021203	1250.54	0	1250.54
West	2017021204	1263.27	0	1263.27
West	2017021205	1357.34	0	1357.34
West	2017021206	1560.81	0	1560.81
West	2017021207	1641.16	0	1641.16
West	2017021208	1630.9	0	1630.9
West	2017021209	1677.95	0	1677.95
West	2017021210	1730.49	0	1730.49
West	2017021211	1772.91	0	1772.91
West	2017021212	1803.78	0	1803.78
West	2017021213	1839.58	0	1839.58
West	2017021214	1861.09	0	1861.09
West	2017021215	1873.95	0	1873.95
West	2017021216	1879.8	0	1879.8
West	2017021217	1876.31	0	1876.31
West	2017021218	1964.19	0	1964.19
West	2017021219	1960.86	0	1960.86
West	2017021220	1919.99	0	1919.99
West	2017021221	1833.13	0	1833.13
West	2017021222	1697.36	0	1697.36
West	2017021223	1541.73	0	1541.73
West	2017021300	1440.91	0	1440.91
West	2017021301	1370.76	0	1370.76
West	2017021302	1330.58	0	1330.58
West	2017021303	1313.14	0	1313.14
West	2017021304	1328.14	0	1328.14
West	2017021305	1418.74	0	1418.74
West	2017021306	1611.66	0	1611.66
West	2017021307	1698.14	0	1698.14
West	2017021308	1702.19	0	1702.19
West	2017021309	1754.92	0	1754.92
West	2017021310	1823.69	0	1823.69
West	2017021311	1875.5	0	1875.5
West	2017021312	1908.85	0	1908.85
West	2017021313	1926.73	0	1926.73
West	2017021314	1929.58	0	1929.58
West	2017021315	1929.13	0	1929.13
West	2017021316	1912.13	0	1912.13
West	2017021317	1910.35	0	1910.35
West	2017021318	1968.77	0	1968.77
West	2017021319	1927.12	0	1927.12
West	2017021320	1871.75	0	1871.75
West	2017021321	1798.02	0	1798.02
West	2017021322	1702.39	0	1702.39
West	2017021323	1584.06	0	1584.06
West	2017021400	1405.71	0	1405.71
West	2017021401	1345.28	0	1345.28
West	2017021402	1296.68	0	1296.68
West	2017021403	1266.67	0	1266.67
West	2017021404	1252.99	0	1252.99
West	2017021405	1282.6	0	1282.6
West	2017021406	1353.04	0	1353.04
West	2017021407	1422.96	0	1422.96
West	2017021408	1513.36	0	1513.36
West	2017021409	1619.28	0	1619.28
West	2017021410	1692.86	0	1692.86
West	2017021411	1735.17	0	1735.17
West	2017021412	1742.3	0	1742.3
West	2017021413	1733.53	0	1733.53
West	2017021414	1720.38	0	1720.38
West	2017021415	1704.61	0	1704.61
West	2017021416	1676.51	0	1676.51
West	2017021417	1689.04	0	1689.04
West	2017021418	1778.88	0	1778.88
West	2017021419	1764.05	0	1764.05
West	2017021420	1717.31	0	1717.31
West	2017021421	1656.36	0	1656.36
West	2017021422	1577.21	0	1577.21
West	2017021423	1476.19	0	1476.19
West	2017021500	1389.45	0	1389.45
West	2017021501	1313.91	0	1313.91
West	2017021502	1273.56	0	1273.56
West	2017021503	1249.55	0	1249.55
West	2017021504	1246.42	0	1246.42
West	2017021505	1262.89	0	1262.89
West	2017021506	1316.39	0	1316.39
West	2017021507	1368.65	0	1368.65
West	2017021508	1443.98	0	1443.98
West	2017021509	1542.34	0	1542.34
West	2017021510	1605.16	0	1605.16
West	2017021511	1647.16	0	1647.16
West	2017021512	1682.73	0	1682.73
West	2017021513	1699.32	0	1699.32
West	2017021514	1707.67	0	1707.67
West	2017021515	1706.54	0	1706.54
West	2017021516	1688.85	0	1688.85
West	2017021517	1702.12	0	1702.12
West	2017021518	1762.67	0	1762.67
West	2017021519	1786.77	0	1786.77
West	2017021520	1754.97	0	1754.97
West	2017021521	1683.29	0	1683.29
West	2017021522	1578.62	0	1578.62
West	2017021523	1451.8	0	1451.8
West	2017021600	1337.16	0	1337.16
West	2017021601	1269.68	0	1269.68
West	2017021602	1224.18	0	1224.18
West	2017021603	1206.56	0	1206.56
West	2017021604	1229.19	0	1229.19
West	2017021605	1303.61	0	1303.61
West	2017021606	1436.3	0	1436.3
West	2017021607	1517.6	0	1517.6
West	2017021608	1558.02	0	1558.02
West	2017021609	1628.56	0	1628.56
West	2017021610	1691.47	0	1691.47
West	2017021611	1729.66	0	1729.66
West	2017021612	1744.43	0	1744.43
West	2017021613	1747.12	0	1747.12
West	2017021614	1744.31	0	1744.31
West	2017021615	1739.08	0	1739.08
West	2017021616	1745.48	0	1745.48
West	2017021617	1781.11	0	1781.11
West	2017021618	1881.83	0	1881.83
West	2017021619	1874.11	0	1874.11
West	2017021620	1828.36	0	1828.36
West	2017021621	1734.67	0	1734.67
West	2017021622	1597.53	0	1597.53
West	2017021623	1440.71	0	1440.71
West	2017021700	1352.59	0	1352.59
West	2017021701	1291.01	0	1291.01
West	2017021702	1256.38	0	1256.38
West	2017021703	1242.87	0	1242.87
West	2017021704	1271.42	0	1271.42
West	2017021705	1368.45	0	1368.45
West	2017021706	1582.28	0	1582.28
West	2017021707	1678.76	0	1678.76
West	2017021708	1675.91	0	1675.91
West	2017021709	1704.64	0	1704.64
West	2017021710	1746.53	0	1746.53
West	2017021711	1779.53	0	1779.53
West	2017021712	1809.09	0	1809.09
West	2017021713	1825.85	0	1825.85
West	2017021714	1829.66	0	1829.66
West	2017021715	1836.25	0	1836.25
West	2017021716	1870.22	0	1870.22
West	2017021717	1945.78	0	1945.78
West	2017021718	2044.18	0	2044.18
West	2017021719	2038.08	0	2038.08
West	2017021720	1998.77	0	1998.77
West	2017021721	1903.7	0	1903.7
West	2017021722	1762.25	0	1762.25
West	2017021723	1611.8	0	1611.8
West	2017021800	1506.89	0	1506.89
West	2017021801	1451.35	0	1451.35
West	2017021802	1423.73	0	1423.73
West	2017021803	1416.47	0	1416.47
West	2017021804	1445.85	0	1445.85
West	2017021805	1569.08	0	1569.08
West	2017021806	1795.52	0	1795.52
West	2017021807	1871.72	0	1871.72
West	2017021808	1841.96	0	1841.96
West	2017021809	1824.03	0	1824.03
West	2017021810	1815.31	0	1815.31
West	2017021811	1795.95	0	1795.95
West	2017021812	1760.91	0	1760.91
West	2017021813	1717.73	0	1717.73
West	2017021814	1694.24	0	1694.24
West	2017021815	1686.49	0	1686.49
West	2017021816	1706.37	0	1706.37
West	2017021817	1763.92	0	1763.92
West	2017021818	1891.31	0	1891.31
West	2017021819	1893.5	0	1893.5
West	2017021820	1859.83	0	1859.83
West	2017021821	1776.75	0	1776.75
West	2017021822	1643.76	0	1643.76
West	2017021823	1494.64	0	1494.64
West	2017021900	1395.59	0	1395.59
West	2017021901	1346.66	0	1346.66
West	2017021902	1327.11	0	1327.11
West	2017021903	1316.55	0	1316.55
West	2017021904	1341.42	0	1341.42
West	2017021905	1470.06	0	1470.06
West	2017021906	1692.6	0	1692.6
West	2017021907	1775.06	0	1775.06
West	2017021908	1746.85	0	1746.85
West	2017021909	1748.27	0	1748.27
West	2017021910	1730.83	0	1730.83
West	2017021911	1688.74	0	1688.74
West	2017021912	1656.58	0	1656.58
West	2017021913	1643.22	0	1643.22
West	2017021914	1639.26	0	1639.26
West	2017021915	1640.35	0	1640.35
West	2017021916	1658.03	0	1658.03
West	2017021917	1673.41	0	1673.41
West	2017021918	1779.55	0	1779.55
West	2017021919	1800.95	0	1800.95
West	2017021920	1770.58	0	1770.58
West	2017021921	1695.67	0	1695.67
West	2017021922	1574.02	0	1574.02
West	2017021923	1445.68	0	1445.68
West	2017022000	1355.46	0	1355.46
West	2017022001	1311.65	0	1311.65
West	2017022002	1289.82	0	1289.82
West	2017022003	1276.99	0	1276.99
West	2017022004	1311.52	0	1311.52
West	2017022005	1427.79	0	1427.79
West	2017022006	1646.14	0	1646.14
West	2017022007	1730.21	0	1730.21
West	2017022008	1705.51	0	1705.51
West	2017022009	1707.57	0	1707.57
West	2017022010	1696.17	0	1696.17
West	2017022011	1675.43	0	1675.43
West	2017022012	1677.68	0	1677.68
West	2017022013	1679.97	0	1679.97
West	2017022014	1687.75	0	1687.75
West	2017022015	1692.07	0	1692.07
West	2017022016	1700.66	0	1700.66
West	2017022017	1698.94	0	1698.94
West	2017022018	1768.96	0	1768.96
West	2017022019	1742.91	0	1742.91
West	2017022020	1694.27	0	1694.27
West	2017022021	1631.73	0	1631.73
West	2017022022	1546.65	0	1546.65
West	2017022023	1445.74	0	1445.74
West	2017022100	1348.37	0	1348.37
West	2017022101	1291.71	0	1291.71
West	2017022102	1264.89	0	1264.89
West	2017022103	1246.76	0	1246.76
West	2017022104	1250.91	0	1250.91
West	2017022105	1289.78	0	1289.78
West	2017022106	1355.56	0	1355.56
West	2017022107	1429.24	0	1429.24
West	2017022108	1500.78	0	1500.78
West	2017022109	1562.73	0	1562.73
West	2017022110	1608.07	0	1608.07
West	2017022111	1646.62	0	1646.62
West	2017022112	1687.64	0	1687.64
West	2017022113	1736.68	0	1736.68
West	2017022114	1779.83	0	1779.83
West	2017022115	1809.82	0	1809.82
West	2017022116	1799.87	0	1799.87
West	2017022117	1784.42	0	1784.42
West	2017022118	1816.95	0	1816.95
West	2017022119	1770.12	0	1770.12
West	2017022120	1701.96	0	1701.96
West	2017022121	1624.64	0	1624.64
West	2017022122	1540.8	0	1540.8
West	2017022123	1433.72	0	1433.72
West	2017022200	1342.08	0	1342.08
West	2017022201	1272.69	0	1272.69
West	2017022202	1232.39	0	1232.39
West	2017022203	1220.34	0	1220.34
West	2017022204	1227.9	0	1227.9
West	2017022205	1258.08	0	1258.08
West	2017022206	1320.03	0	1320.03
West	2017022207	1384.37	0	1384.37
West	2017022208	1457.56	0	1457.56
West	2017022209	1521.78	0	1521.78
West	2017022210	1544.59	0	1544.59
West	2017022211	1545.98	0	1545.98
West	2017022212	1549.94	0	1549.94
West	2017022213	1553.18	0	1553.18
West	2017022214	1549.55	0	1549.55
West	2017022215	1557.91	0	1557.91
West	2017022216	1568.73	0	1568.73
West	2017022217	1597.02	0	1597.02
West	2017022218	1719.78	0	1719.78
West	2017022219	1754.5	0	1754.5
West	2017022220	1724.66	0	1724.66
West	2017022221	1655.65	0	1655.65
West	2017022222	1541.81	0	1541.81
West	2017022223	1420.06	0	1420.06
West	2017022300	1319.37	0	1319.37
West	2017022301	1282.33	0	1282.33
West	2017022302	1276.34	0	1276.34
West	2017022303	1295.29	0	1295.29
West	2017022304	1355.05	0	1355.05
West	2017022305	1516.61	0	1516.61
West	2017022306	1787.01	0	1787.01
West	2017022307	1876.43	0	1876.43
West	2017022308	1806.44	0	1806.44
West	2017022309	1729.94	0	1729.94
West	2017022310	1671.14	0	1671.14
West	2017022311	1645.45	0	1645.45
West	2017022312	1632.95	0	1632.95
West	2017022313	1639.9	0	1639.9
West	2017022314	1650.45	0	1650.45
West	2017022315	1673.35	0	1673.35
West	2017022316	1692.41	0	1692.41
West	2017022317	1702.18	0	1702.18
West	2017022318	1789.98	0	1789.98
West	2017022319	1811.75	0	1811.75
West	2017022320	1770.08	0	1770.08
West	2017022321	1680.52	0	1680.52
West	2017022322	1551.41	0	1551.41
West	2017022323	1408.22	0	1408.22
West	2017022400	1336.65	0	1336.65
West	2017022401	1288.54	0	1288.54
West	2017022402	1270.51	0	1270.51
West	2017022403	1272.92	0	1272.92
West	2017022404	1315.13	0	1315.13
West	2017022405	1448.41	0	1448.41
West	2017022406	1689.35	0	1689.35
West	2017022407	1749.03	0	1749.03
West	2017022408	1682.73	0	1682.73
West	2017022409	1668.62	0	1668.62
West	2017022410	1668.41	0	1668.41
West	2017022411	1691.32	0	1691.32
West	2017022412	1724.88	0	1724.88
West	2017022413	1768.01	0	1768.01
West	2017022414	1818.66	0	1818.66
West	2017022415	1863.17	0	1863.17
West	2017022416	1885.33	0	1885.33
West	2017022417	1874.16	0	1874.16
West	2017022418	1949.25	0	1949.25
West	2017022419	1951.78	0	1951.78
West	2017022420	1903.38	0	1903.38
West	2017022421	1801.13	0	1801.13
West	2017022422	1656.35	0	1656.35
West	2017022423	1497.97	0	1497.97
West	2017022500	1378.28	0	1378.28
West	2017022501	1306.76	0	1306.76
West	2017022502	1261.63	0	1261.63
West	2017022503	1229.21	0	1229.21
West	2017022504	1245.06	0	1245.06
West	2017022505	1328.75	0	1328.75
West	2017022506	1539.96	0	1539.96
West	2017022507	1608.7	0	1608.7
West	2017022508	1590.76	0	1590.76
West	2017022509	1609.16	0	1609.16
West	2017022510	1631.28	0	1631.28
West	2017022511	1646.28	0	1646.28
West	2017022512	1658.89	0	1658.89
West	2017022513	1669.47	0	1669.47
West	2017022514	1676.36	0	1676.36
West	2017022515	1678.26	0	1678.26
West	2017022516	1684.42	0	1684.42
West	2017022517	1702.47	0	1702.47
West	2017022518	1809.85	0	1809.85
West	2017022519	1824.58	0	1824.58
West	2017022520	1793.12	0	1793.12
West	2017022521	1714.81	0	1714.81
West	2017022522	1590.88	0	1590.88
West	2017022523	1460.59	0	1460.59
West	2017022600	1375.44	0	1375.44
West	2017022601	1342.14	0	1342.14
West	2017022602	1334.71	0	1334.71
West	2017022603	1354.89	0	1354.89
West	2017022604	1419.15	0	1419.15
West	2017022605	1583.91	0	1583.91
West	2017022606	1854.96	0	1854.96
West	2017022607	1952.67	0	1952.67
West	2017022608	1906.41	0	1906.41
West	2017022609	1865.17	0	1865.17
West	2017022610	1812.84	0	1812.84
West	2017022611	1748.39	0	1748.39
West	2017022612	1693.16	0	1693.16
West	2017022613	1657.76	0	1657.76
West	2017022614	1627.68	0	1627.68
West	2017022615	1621.05	0	1621.05
West	2017022616	1635.6	0	1635.6
West	2017022617	1677.34	0	1677.34
West	2017022618	1836.29	0	1836.29
West	2017022619	1899.94	0	1899.94
West	2017022620	1909.64	0	1909.64
West	2017022621	1864.74	0	1864.74
West	2017022622	1760.68	0	1760.68
West	2017022623	1649.22	0	1649.22
West	2017022700	1586.13	0	1586.13
West	2017022701	1555.53	0	1555.53
West	2017022702	1550.64	0	1550.64
West	2017022703	1570.55	0	1570.55
West	2017022704	1629.06	0	1629.06
West	2017022705	1786.3	0	1786.3
West	2017022706	2038.57	0	2038.57
West	2017022707	2113.95	0	2113.95
West	2017022708	2058.89	0	2058.89
West	2017022709	2012.86	0	2012.86
West	2017022710	1936.86	0	1936.86
West	2017022711	1853.28	0	1853.28
West	2017022712	1783.43	0	1783.43
West	2017022713	1751.3	0	1751.3
West	2017022714	1745.72	0	1745.72
West	2017022715	1768.22	0	1768.22
West	2017022716	1814.14	0	1814.14
West	2017022717	1884.92	0	1884.92
West	2017022718	1991.6	0	1991.6
West	2017022719	1991.82	0	1991.82
West	2017022720	1962.38	0	1962.38
West	2017022721	1908.47	0	1908.47
West	2017022722	1822.67	0	1822.67
West	2017022723	1719.43	0	1719.43
West	2017022800	1645.48	0	1645.48
West	2017022801	1608.83	0	1608.83
West	2017022802	1590.52	0	1590.52
West	2017022803	1594.51	0	1594.51
West	2017022804	1616.47	0	1616.47
West	2017022805	1678.95	0	1678.95
West	2017022806	1781.44	0	1781.44
West	2017022807	1887.1	0	1887.1
West	2017022808	1968.49	0	1968.49
West	2017022809	2012.8	0	2012.8
West	2017022810	1986.78	0	1986.78
West	2017022811	1915.36	0	1915.36
West	2017022812	1821.11	0	1821.11
West	2017022813	1738.06	0	1738.06
West	2017022814	1681.01	0	1681.01
West	2017022815	1637.53	0	1637.53
West	2017022816	1630.89	0	1630.89
West	2017022817	1670.94	0	1670.94
West	2017022818	1816.34	0	1816.34
West	2017022819	1887.7	0	1887.7
West	2017022820	1908.59	0	1908.59
West	2017022821	1911.99	0	1911.99
West	2017022822	1880	0	1880
West	2017022823	1837.31	0	1837.31
Northeast	2017020100	2163.9	0	2163.9
Northeast	2017020101	2129.78	0	2129.78
Northeast	2017020102	2099.82	0	2099.82
Northeast	2017020103	2095.45	0	2095.45
Northeast	2017020104	2102.24	0	2102.24
Northeast	2017020105	2137.67	0	2137.67
Northeast	2017020106	2207.36	0	2207.36
Northeast	2017020107	2293.28	0	2293.28
Northeast	2017020108	2372.55	0	2372.55
Northeast	2017020109	2450.02	0	2450.02
Northeast	2017020110	2479.33	0	2479.33
Northeast	2017020111	2467.08	0	2467.08
Northeast	2017020112	2425.26	0	2425.26
Northeast	2017020113	2360.37	0	2360.37
Northeast	2017020114	2297.32	0	2297.32
Northeast	2017020115	2269.85	0	2269.85
Northeast	2017020116	2268.23	0	2268.23
Northeast	2017020117	2381.81	0	2381.81
Northeast	2017020118	2533.07	0	2533.07
Northeast	2017020119	2516.4	0	2516.4
Northeast	2017020120	2464.33	0	2464.33
Northeast	2017020121	2394.66	0	2394.66
Northeast	2017020122	2273.3	0	2273.3
Northeast	2017020123	2137.97	0	2137.97
Northeast	2017020200	2007.72	0	2007.72
Northeast	2017020201	1917.04	0	1917.04
Northeast	2017020202	1863.62	0	1863.62
Northeast	2017020203	1850.01	0	1850.01
Northeast	2017020204	1877.48	0	1877.48
Northeast	2017020205	1958.62	0	1958.62
Northeast	2017020206	2077.76	0	2077.76
Northeast	2017020207	2174.68	0	2174.68
Northeast	2017020208	2262.06	0	2262.06
Northeast	2017020209	2352.35	0	2352.35
Northeast	2017020210	2418.64	0	2418.64
Northeast	2017020211	2456.22	0	2456.22
Northeast	2017020212	2462.87	0	2462.87
Northeast	2017020213	2464.04	0	2464.04
Northeast	2017020214	2459.13	0	2459.13
Northeast	2017020215	2459.37	0	2459.37
Northeast	2017020216	2463.82	0	2463.82
Northeast	2017020217	2558.77	0	2558.77
Northeast	2017020218	2712.2	0	2712.2
Northeast	2017020219	2684.88	0	2684.88
Northeast	2017020220	2618.81	0	2618.81
Northeast	2017020221	2511.9	0	2511.9
Northeast	2017020222	2331.96	0	2331.96
Northeast	2017020223	2138.45	0	2138.45
Northeast	2017020300	2020.57	0	2020.57
Northeast	2017020301	1945.91	0	1945.91
Northeast	2017020302	1916.65	0	1916.65
Northeast	2017020303	1929.81	0	1929.81
Northeast	2017020304	1995.73	0	1995.73
Northeast	2017020305	2189.62	0	2189.62
Northeast	2017020306	2512.06	0	2512.06
Northeast	2017020307	2687	0	2687
Northeast	2017020308	2708.58	0	2708.58
Northeast	2017020309	2736.5	0	2736.5
Northeast	2017020310	2785.59	0	2785.59
Northeast	2017020311	2820.72	0	2820.72
Northeast	2017020312	2858.43	0	2858.43
Northeast	2017020313	2894.59	0	2894.59
Northeast	2017020314	2919.25	0	2919.25
Northeast	2017020315	2950.55	0	2950.55
Northeast	2017020316	3050.35	0	3050.35
Northeast	2017020317	3266.78	0	3266.78
Northeast	2017020318	3467.79	0	3467.79
Northeast	2017020319	3486.52	0	3486.52
Northeast	2017020320	3460.71	0	3460.71
Northeast	2017020321	3367.76	0	3367.76
Northeast	2017020322	3176.72	0	3176.72
Northeast	2017020323	2988.15	0	2988.15
Northeast	2017020400	2919.13	0	2919.13
Northeast	2017020401	2913.03	0	2913.03
Northeast	2017020402	2948.87	0	2948.87
Northeast	2017020403	3032.64	0	3032.64
Northeast	2017020404	3176.34	0	3176.34
Northeast	2017020405	3429.07	0	3429.07
Northeast	2017020406	3813.76	0	3813.76
Northeast	2017020407	3955.18	0	3955.18
Northeast	2017020408	3904.36	0	3904.36
Northeast	2017020409	3868.56	0	3868.56
Northeast	2017020410	3825.31	0	3825.31
Northeast	2017020411	3748.79	0	3748.79
Northeast	2017020412	3636.3	0	3636.3
Northeast	2017020413	3565.04	0	3565.04
Northeast	2017020414	3436.54	0	3436.54
Northeast	2017020415	3287.12	0	3287.12
Northeast	2017020416	3296.81	0	3296.81
Northeast	2017020417	3533.46	0	3533.46
Northeast	2017020418	3812.28	0	3812.28
Northeast	2017020419	3859.35	0	3859.35
Northeast	2017020420	3840.36	0	3840.36
Northeast	2017020421	3725.87	0	3725.87
Northeast	2017020422	3494.2	0	3494.2
Northeast	2017020423	3310.06	0	3310.06
Northeast	2017020500	3176.83	0	3176.83
Northeast	2017020501	3137.76	0	3137.76
Northeast	2017020502	3107.98	0	3107.98
Northeast	2017020503	3130.93	0	3130.93
Northeast	2017020504	3225.45	0	3225.45
Northeast	2017020505	3439.66	0	3439.66
Northeast	2017020506	3784.2	0	3784.2
Northeast	2017020507	3898.86	0	3898.86
Northeast	2017020508	3804.08	0	3804.08
Northeast	2017020509	3752.77	0	3752.77
Northeast	2017020510	3731.82	0	3731.82
Northeast	2017020511	3691.28	0	3691.28
Northeast	2017020512	3649.7	0	3649.7
Northeast	2017020513	3612.22	0	3612.22
Northeast	2017020514	3587.3	0	3587.3
Northeast	2017020515	3613.47	0	3613.47
Northeast	2017020516	3771.41	0	3771.41
Northeast	2017020517	4038.43	0	4038.43
Northeast	2017020518	4274.36	0	4274.36
Northeast	2017020519	4331.58	0	4331.58
Northeast	2017020520	4351.17	0	4351.17
Northeast	2017020521	4256.01	0	4256.01
Northeast	2017020522	4055.68	0	4055.68
Northeast	2017020523	3896.04	0	3896.04
Northeast	2017020600	3831.21	0	3831.21
Northeast	2017020601	3812.03	0	3812.03
Northeast	2017020602	3818.4	0	3818.4
Northeast	2017020603	3857.3	0	3857.3
Northeast	2017020604	3976.18	0	3976.18
Northeast	2017020605	4207.08	0	4207.08
Northeast	2017020606	4537.25	0	4537.25
Northeast	2017020607	4707.28	0	4707.28
Northeast	2017020608	4698.03	0	4698.03
Northeast	2017020609	4723.26	0	4723.26
Northeast	2017020610	4721	0	4721
Northeast	2017020611	4681.93	0	4681.93
Northeast	2017020612	4640.34	0	4640.34
Northeast	2017020613	4639.92	0	4639.92
Northeast	2017020614	4650.5	0	4650.5
Northeast	2017020615	4647.29	0	4647.29
Northeast	2017020616	4717.95	0	4717.95
Northeast	2017020617	4871.43	0	4871.43
Northeast	2017020618	5016.2	0	5016.2
Northeast	2017020619	4982.02	0	4982.02
Northeast	2017020620	4923.18	0	4923.18
Northeast	2017020621	4817.92	0	4817.92
Northeast	2017020622	4648.73	0	4648.73
Northeast	2017020623	4505.82	0	4505.82
Northeast	2017020700	4457.17	0	4457.17
Northeast	2017020701	4429.96	0	4429.96
Northeast	2017020702	4427.27	0	4427.27
Northeast	2017020703	4460.5	0	4460.5
Northeast	2017020704	4533.95	0	4533.95
Northeast	2017020705	4646.67	0	4646.67
Northeast	2017020706	4791.92	0	4791.92
Northeast	2017020707	4915.79	0	4915.79
Northeast	2017020708	4901.35	0	4901.35
Northeast	2017020709	4731.95	0	4731.95
Northeast	2017020710	4502.65	0	4502.65
Northeast	2017020711	4242.17	0	4242.17
Northeast	2017020712	3967.79	0	3967.79
Northeast	2017020713	3698.97	0	3698.97
Northeast	2017020714	3483.59	0	3483.59
Northeast	2017020715	3356.66	0	3356.66
Northeast	2017020716	3366.19	0	3366.19
Northeast	2017020717	3605.68	0	3605.68
Northeast	2017020718	3930.59	0	3930.59
Northeast	2017020719	4048.74	0	4048.74
Northeast	2017020720	4116.29	0	4116.29
Northeast	2017020721	4111.65	0	4111.65
Northeast	2017020722	4050.56	0	4050.56
Northeast	2017020723	3986.63	0	3986.63
Northeast	2017020800	3907.39	0	3907.39
Northeast	2017020801	3891.96	0	3891.96
Northeast	2017020802	3897.89	0	3897.89
Northeast	2017020803	3927.35	0	3927.35
Northeast	2017020804	3991.85	0	3991.85
Northeast	2017020805	4092.51	0	4092.51
Northeast	2017020806	4221.49	0	4221.49
Northeast	2017020807	4329.72	0	4329.72
Northeast	2017020808	4303.74	0	4303.74
Northeast	2017020809	4128.66	0	4128.66
Northeast	2017020810	3906.26	0	3906.26
Northeast	2017020811	3689.35	0	3689.35
Northeast	2017020812	3496.81	0	3496.81
Northeast	2017020813	3334.98	0	3334.98
Northeast	2017020814	3205.13	0	3205.13
Northeast	2017020815	3126.12	0	3126.12
Northeast	2017020816	3146.73	0	3146.73
Northeast	2017020817	3356.71	0	3356.71
Northeast	2017020818	3606.59	0	3606.59
Northeast	2017020819	3674.83	0	3674.83
Northeast	2017020820	3667.13	0	3667.13
Northeast	2017020821	3581.98	0	3581.98
Northeast	2017020822	3411.72	0	3411.72
Northeast	2017020823	3245.65	0	3245.65
Northeast	2017020900	3193.79	0	3193.79
Northeast	2017020901	3159.95	0	3159.95
Northeast	2017020902	3158.07	0	3158.07
Northeast	2017020903	3195.92	0	3195.92
Northeast	2017020904	3313.31	0	3313.31
Northeast	2017020905	3556.92	0	3556.92
Northeast	2017020906	3899.14	0	3899.14
Northeast	2017020907	3984.99	0	3984.99
Northeast	2017020908	3826.8	0	3826.8
Northeast	2017020909	3615.65	0	3615.65
Northeast	2017020910	3413.9	0	3413.9
Northeast	2017020911	3226.3	0	3226.3
Northeast	2017020912	3074.97	0	3074.97
Northeast	2017020913	2936.84	0	2936.84
Northeast	2017020914	2818.82	0	2818.82
Northeast	2017020915	2737.17	0	2737.17
Northeast	2017020916	2724.76	0	2724.76
Northeast	2017020917	2841.71	0	2841.71
Northeast	2017020918	3033.4	0	3033.4
Northeast	2017020919	3011.21	0	3011.21
Northeast	2017020920	2949.61	0	2949.61
Northeast	2017020921	2827.89	0	2827.89
Northeast	2017020922	2608.57	0	2608.57
Northeast	2017020923	2413.39	0	2413.39
Northeast	2017021000	2200.21	0	2200.21
Northeast	2017021001	2111.1	0	2111.1
Northeast	2017021002	2075.06	0	2075.06
Northeast	2017021003	2072.32	0	2072.32
Northeast	2017021004	2124.36	0	2124.36
Northeast	2017021005	2304.3	0	2304.3
Northeast	2017021006	2623.11	0	2623.11
Northeast	2017021007	2735.01	0	2735.01
Northeast	2017021008	2679.78	0	2679.78
Northeast	2017021009	2649.56	0	2649.56
Northeast	2017021010	2642.1	0	2642.1
Northeast	2017021011	2626.65	0	2626.65
Northeast	2017021012	2619.52	0	2619.52
Northeast	2017021013	2614.02	0	2614.02
Northeast	2017021014	2599.33	0	2599.33
Northeast	2017021015	2580.74	0	2580.74
Northeast	2017021016	2587.07	0	2587.07
Northeast	2017021017	2668.08	0	2668.08
Northeast	2017021018	2818.43	0	2818.43
Northeast	2017021019	2795.21	0	2795.21
Northeast	2017021020	2724.05	0	2724.05
Northeast	2017021021	2603.13	0	2603.13
Northeast	2017021022	2415.35	0	2415.35
Northeast	2017021023	2206.68	0	2206.68
Northeast	2017021100	2079.73	0	2079.73
Northeast	2017021101	2016.97	0	2016.97
Northeast	2017021102	1983.11	0	1983.11
Northeast	2017021103	1979.51	0	1979.51
Northeast	2017021104	2037.78	0	2037.78
Northeast	2017021105	2224.4	0	2224.4
Northeast	2017021106	2549.14	0	2549.14
Northeast	2017021107	2665.11	0	2665.11
Northeast	2017021108	2624.72	0	2624.72
Northeast	2017021109	2632.57	0	2632.57
Northeast	2017021110	2645.96	0	2645.96
Northeast	2017021111	2657.34	0	2657.34
Northeast	2017021112	2664.56	0	2664.56
Northeast	2017021113	2691.26	0	2691.26
Northeast	2017021114	2695.83	0	2695.83
Northeast	2017021115	2677.34	0	2677.34
Northeast	2017021116	2683.05	0	2683.05
Northeast	2017021117	2738.62	0	2738.62
Northeast	2017021118	2875.13	0	2875.13
Northeast	2017021119	2860.34	0	2860.34
Northeast	2017021120	2797.54	0	2797.54
Northeast	2017021121	2671.12	0	2671.12
Northeast	2017021122	2468.03	0	2468.03
Northeast	2017021123	2255.11	0	2255.11
Northeast	2017021200	2101.34	0	2101.34
Northeast	2017021201	2018.97	0	2018.97
Northeast	2017021202	1958.27	0	1958.27
Northeast	2017021203	1950.75	0	1950.75
Northeast	2017021204	1996.62	0	1996.62
Northeast	2017021205	2146.61	0	2146.61
Northeast	2017021206	2453.53	0	2453.53
Northeast	2017021207	2592.52	0	2592.52
Northeast	2017021208	2597.29	0	2597.29
Northeast	2017021209	2652.76	0	2652.76
Northeast	2017021210	2722.54	0	2722.54
Northeast	2017021211	2753.56	0	2753.56
Northeast	2017021212	2763.11	0	2763.11
Northeast	2017021213	2757.23	0	2757.23
Northeast	2017021214	2728.14	0	2728.14
Northeast	2017021215	2680.95	0	2680.95
Northeast	2017021216	2663.91	0	2663.91
Northeast	2017021217	2733.19	0	2733.19
Northeast	2017021218	2879.16	0	2879.16
Northeast	2017021219	2864.9	0	2864.9
Northeast	2017021220	2827.5	0	2827.5
Northeast	2017021221	2718.51	0	2718.51
Northeast	2017021222	2531.57	0	2531.57
Northeast	2017021223	2342.36	0	2342.36
Northeast	2017021300	2200.79	0	2200.79
Northeast	2017021301	2133.13	0	2133.13
Northeast	2017021302	2100.24	0	2100.24
Northeast	2017021303	2107.56	0	2107.56
Northeast	2017021304	2174.28	0	2174.28
Northeast	2017021305	2367.78	0	2367.78
Northeast	2017021306	2710.37	0	2710.37
Northeast	2017021307	2888.19	0	2888.19
Northeast	2017021308	2887.86	0	2887.86
Northeast	2017021309	2928.89	0	2928.89
Northeast	2017021310	2964	0	2964
Northeast	2017021311	2984.93	0	2984.93
Northeast	2017021312	2989.27	0	2989.27
Northeast	2017021313	3008.29	0	3008.29
Northeast	2017021314	3008.63	0	3008.63
Northeast	2017021315	3005.86	0	3005.86
Northeast	2017021316	3067.12	0	3067.12
Northeast	2017021317	3189.19	0	3189.19
Northeast	2017021318	3300.51	0	3300.51
Northeast	2017021319	3267.82	0	3267.82
Northeast	2017021320	3225.14	0	3225.14
Northeast	2017021321	3123.18	0	3123.18
Northeast	2017021322	2990.97	0	2990.97
Northeast	2017021323	2810.89	0	2810.89
Northeast	2017021400	2705.1	0	2705.1
Northeast	2017021401	2654.15	0	2654.15
Northeast	2017021402	2609.28	0	2609.28
Northeast	2017021403	2610.67	0	2610.67
Northeast	2017021404	2656.55	0	2656.55
Northeast	2017021405	2733.09	0	2733.09
Northeast	2017021406	2881.01	0	2881.01
Northeast	2017021407	3050.39	0	3050.39
Northeast	2017021408	3183.61	0	3183.61
Northeast	2017021409	3305.49	0	3305.49
Northeast	2017021410	3360.18	0	3360.18
Northeast	2017021411	3338.31	0	3338.31
Northeast	2017021412	3282.65	0	3282.65
Northeast	2017021413	3203.01	0	3203.01
Northeast	2017021414	3133.85	0	3133.85
Northeast	2017021415	3095.07	0	3095.07
Northeast	2017021416	3086.89	0	3086.89
Northeast	2017021417	3171.42	0	3171.42
Northeast	2017021418	3248.29	0	3248.29
Northeast	2017021419	3210.6	0	3210.6
Northeast	2017021420	3148.32	0	3148.32
Northeast	2017021421	3047.06	0	3047.06
Northeast	2017021422	2911.89	0	2911.89
Northeast	2017021423	2759.97	0	2759.97
Northeast	2017021500	2631.01	0	2631.01
Northeast	2017021501	2541.39	0	2541.39
Northeast	2017021502	2490.6	0	2490.6
Northeast	2017021503	2467.17	0	2467.17
Northeast	2017021504	2479.57	0	2479.57
Northeast	2017021505	2533.81	0	2533.81
Northeast	2017021506	2618.76	0	2618.76
Northeast	2017021507	2728.28	0	2728.28
Northeast	2017021508	2830	0	2830
Northeast	2017021509	2900.16	0	2900.16
Northeast	2017021510	2903.13	0	2903.13
Northeast	2017021511	2875.14	0	2875.14
Northeast	2017021512	2845.76	0	2845.76
Northeast	2017021513	2799.83	0	2799.83
Northeast	2017021514	2738.55	0	2738.55
Northeast	2017021515	2688.22	0	2688.22
Northeast	2017021516	2622.54	0	2622.54
Northeast	2017021517	2701.45	0	2701.45
Northeast	2017021518	2696.63	0	2696.63
Northeast	2017021519	2691.64	0	2691.64
Northeast	2017021520	2630.48	0	2630.48
Northeast	2017021521	2522.29	0	2522.29
Northeast	2017021522	2384.07	0	2384.07
Northeast	2017021523	2242.36	0	2242.36
Northeast	2017021600	2166.71	0	2166.71
Northeast	2017021601	2103.79	0	2103.79
Northeast	2017021602	2076.49	0	2076.49
Northeast	2017021603	2095.8	0	2095.8
Northeast	2017021604	2176.15	0	2176.15
Northeast	2017021605	2340.86	0	2340.86
Northeast	2017021606	2567.59	0	2567.59
Northeast	2017021607	2727.1	0	2727.1
Northeast	2017021608	2795.15	0	2795.15
Northeast	2017021609	2814.3	0	2814.3
Northeast	2017021610	2804.92	0	2804.92
Northeast	2017021611	2774.83	0	2774.83
Northeast	2017021612	2732.33	0	2732.33
Northeast	2017021613	2686.01	0	2686.01
Northeast	2017021614	2641.89	0	2641.89
Northeast	2017021615	2611.34	0	2611.34
Northeast	2017021616	2606.5	0	2606.5
Northeast	2017021617	2696.92	0	2696.92
Northeast	2017021618	2874.9	0	2874.9
Northeast	2017021619	2871.7	0	2871.7
Northeast	2017021620	2828.58	0	2828.58
Northeast	2017021621	2726.02	0	2726.02
Northeast	2017021622	2534.97	0	2534.97
Northeast	2017021623	2352.03	0	2352.03
Northeast	2017021700	2172.52	0	2172.52
Northeast	2017021701	2131	0	2131
Northeast	2017021702	2126.2	0	2126.2
Northeast	2017021703	2163.23	0	2163.23
Northeast	2017021704	2272.52	0	2272.52
Northeast	2017021705	2516.58	0	2516.58
Northeast	2017021706	2906.57	0	2906.57
Northeast	2017021707	3096.08	0	3096.08
Northeast	2017021708	3067.21	0	3067.21
Northeast	2017021709	3046.62	0	3046.62
Northeast	2017021710	3034.57	0	3034.57
Northeast	2017021711	3014.99	0	3014.99
Northeast	2017021712	2964.37	0	2964.37
Northeast	2017021713	2942.02	0	2942.02
Northeast	2017021714	2933.23	0	2933.23
Northeast	2017021715	2948.57	0	2948.57
Northeast	2017021716	3017.1	0	3017.1
Northeast	2017021717	3191.17	0	3191.17
Northeast	2017021718	3335.49	0	3335.49
Northeast	2017021719	3304.33	0	3304.33
Northeast	2017021720	3239.98	0	3239.98
Northeast	2017021721	3094.12	0	3094.12
Northeast	2017021722	2857.57	0	2857.57
Northeast	2017021723	2641.97	0	2641.97
Northeast	2017021800	2492.62	0	2492.62
Northeast	2017021801	2428.77	0	2428.77
Northeast	2017021802	2400.09	0	2400.09
Northeast	2017021803	2408.01	0	2408.01
Northeast	2017021804	2480.43	0	2480.43
Northeast	2017021805	2699.11	0	2699.11
Northeast	2017021806	3032.91	0	3032.91
Northeast	2017021807	3157.8	0	3157.8
Northeast	2017021808	3132.89	0	3132.89
Northeast	2017021809	3126.59	0	3126.59
Northeast	2017021810	3132.71	0	3132.71
Northeast	2017021811	3123.37	0	3123.37
Northeast	2017021812	3094.37	0	3094.37
Northeast	2017021813	3056.97	0	3056.97
Northeast	2017021814	3009.53	0	3009.53
Northeast	2017021815	2976.38	0	2976.38
Northeast	2017021816	2994.54	0	2994.54
Northeast	2017021817	3108.63	0	3108.63
Northeast	2017021818	3223.1	0	3223.1
Northeast	2017021819	3175.3	0	3175.3
Northeast	2017021820	3096.01	0	3096.01
Northeast	2017021821	2956.05	0	2956.05
Northeast	2017021822	2734.99	0	2734.99
Northeast	2017021823	2526.77	0	2526.77
Northeast	2017021900	2378.64	0	2378.64
Northeast	2017021901	2322.71	0	2322.71
Northeast	2017021902	2286.95	0	2286.95
Northeast	2017021903	2309.36	0	2309.36
Northeast	2017021904	2381.88	0	2381.88
Northeast	2017021905	2599.17	0	2599.17
Northeast	2017021906	2939.1	0	2939.1
Northeast	2017021907	3078.13	0	3078.13
Northeast	2017021908	3034.31	0	3034.31
Northeast	2017021909	3010.02	0	3010.02
Northeast	2017021910	2979.6	0	2979.6
Northeast	2017021911	2876.66	0	2876.66
Northeast	2017021912	2769.61	0	2769.61
Northeast	2017021913	2695.15	0	2695.15
Northeast	2017021914	2630.27	0	2630.27
Northeast	2017021915	2583.27	0	2583.27
Northeast	2017021916	2578.89	0	2578.89
Northeast	2017021917	2655.14	0	2655.14
Northeast	2017021918	2849.89	0	2849.89
Northeast	2017021919	2872.1	0	2872.1
Northeast	2017021920	2848.36	0	2848.36
Northeast	2017021921	2738.74	0	2738.74
Northeast	2017021922	2547.71	0	2547.71
Northeast	2017021923	2354.41	0	2354.41
Northeast	2017022000	2229.3	0	2229.3
Northeast	2017022001	2181.46	0	2181.46
Northeast	2017022002	2171	0	2171
Northeast	2017022003	2195.97	0	2195.97
Northeast	2017022004	2293.37	0	2293.37
Northeast	2017022005	2512.74	0	2512.74
Northeast	2017022006	2853.15	0	2853.15
Northeast	2017022007	2999.96	0	2999.96
Northeast	2017022008	2920.61	0	2920.61
Northeast	2017022009	2851	0	2851
Northeast	2017022010	2761.47	0	2761.47
Northeast	2017022011	2687.8	0	2687.8
Northeast	2017022012	2646.04	0	2646.04
Northeast	2017022013	2619	0	2619
Northeast	2017022014	2572.68	0	2572.68
Northeast	2017022015	2530.51	0	2530.51
Northeast	2017022016	2523.15	0	2523.15
Northeast	2017022017	2550.25	0	2550.25
Northeast	2017022018	2659.44	0	2659.44
Northeast	2017022019	2632.42	0	2632.42
Northeast	2017022020	2574.54	0	2574.54
Northeast	2017022021	2494.3	0	2494.3
Northeast	2017022022	2373.45	0	2373.45
Northeast	2017022023	2214.95	0	2214.95
Northeast	2017022100	2110.51	0	2110.51
Northeast	2017022101	2055.34	0	2055.34
Northeast	2017022102	2031.57	0	2031.57
Northeast	2017022103	2040.64	0	2040.64
Northeast	2017022104	2088.53	0	2088.53
Northeast	2017022105	2180.06	0	2180.06
Northeast	2017022106	2312.14	0	2312.14
Northeast	2017022107	2445.11	0	2445.11
Northeast	2017022108	2547.34	0	2547.34
Northeast	2017022109	2625.04	0	2625.04
Northeast	2017022110	2672.81	0	2672.81
Northeast	2017022111	2632.69	0	2632.69
Northeast	2017022112	2546.69	0	2546.69
Northeast	2017022113	2463.79	0	2463.79
Northeast	2017022114	2401.79	0	2401.79
Northeast	2017022115	2365.03	0	2365.03
Northeast	2017022116	2366.79	0	2366.79
Northeast	2017022117	2459.91	0	2459.91
Northeast	2017022118	2557.2	0	2557.2
Northeast	2017022119	2529.99	0	2529.99
Northeast	2017022120	2487.99	0	2487.99
Northeast	2017022121	2422.34	0	2422.34
Northeast	2017022122	2320.78	0	2320.78
Northeast	2017022123	2200.52	0	2200.52
Northeast	2017022200	2098.15	0	2098.15
Northeast	2017022201	2036.86	0	2036.86
Northeast	2017022202	2008.18	0	2008.18
Northeast	2017022203	2011.47	0	2011.47
Northeast	2017022204	2048.31	0	2048.31
Northeast	2017022205	2127.36	0	2127.36
Northeast	2017022206	2248.88	0	2248.88
Northeast	2017022207	2383.16	0	2383.16
Northeast	2017022208	2513.41	0	2513.41
Northeast	2017022209	2592.02	0	2592.02
Northeast	2017022210	2608.65	0	2608.65
Northeast	2017022211	2616.72	0	2616.72
Northeast	2017022212	2626.16	0	2626.16
Northeast	2017022213	2563.65	0	2563.65
Northeast	2017022214	2464.59	0	2464.59
Northeast	2017022215	2402.62	0	2402.62
Northeast	2017022216	2396.05	0	2396.05
Northeast	2017022217	2493.75	0	2493.75
Northeast	2017022218	2706.36	0	2706.36
Northeast	2017022219	2739.96	0	2739.96
Northeast	2017022220	2709.46	0	2709.46
Northeast	2017022221	2618.19	0	2618.19
Northeast	2017022222	2453.27	0	2453.27
Northeast	2017022223	2292.73	0	2292.73
Northeast	2017022300	2270.59	0	2270.59
Northeast	2017022301	2240.79	0	2240.79
Northeast	2017022302	2249.2	0	2249.2
Northeast	2017022303	2303.67	0	2303.67
Northeast	2017022304	2441.39	0	2441.39
Northeast	2017022305	2717.32	0	2717.32
Northeast	2017022306	3132.15	0	3132.15
Northeast	2017022307	3298.46	0	3298.46
Northeast	2017022308	3186.88	0	3186.88
Northeast	2017022309	3021.67	0	3021.67
Northeast	2017022310	2895.74	0	2895.74
Northeast	2017022311	2773.31	0	2773.31
Northeast	2017022312	2687.72	0	2687.72
Northeast	2017022313	2627.9	0	2627.9
Northeast	2017022314	2573.99	0	2573.99
Northeast	2017022315	2533.12	0	2533.12
Northeast	2017022316	2537.65	0	2537.65
Northeast	2017022317	2601.07	0	2601.07
Northeast	2017022318	2803.42	0	2803.42
Northeast	2017022319	2837.37	0	2837.37
Northeast	2017022320	2809.83	0	2809.83
Northeast	2017022321	2712.54	0	2712.54
Northeast	2017022322	2525.96	0	2525.96
Northeast	2017022323	2350.06	0	2350.06
Northeast	2017022400	2174.05	0	2174.05
Northeast	2017022401	2131.26	0	2131.26
Northeast	2017022402	2119.38	0	2119.38
Northeast	2017022403	2141.54	0	2141.54
Northeast	2017022404	2233.64	0	2233.64
Northeast	2017022405	2465.67	0	2465.67
Northeast	2017022406	2821.71	0	2821.71
Northeast	2017022407	2928.64	0	2928.64
Northeast	2017022408	2825.83	0	2825.83
Northeast	2017022409	2734.33	0	2734.33
Northeast	2017022410	2670.3	0	2670.3
Northeast	2017022411	2623.89	0	2623.89
Northeast	2017022412	2596.91	0	2596.91
Northeast	2017022413	2601.77	0	2601.77
Northeast	2017022414	2592.83	0	2592.83
Northeast	2017022415	2572.28	0	2572.28
Northeast	2017022416	2576.91	0	2576.91
Northeast	2017022417	2633.01	0	2633.01
Northeast	2017022418	2793.99	0	2793.99
Northeast	2017022419	2791.81	0	2791.81
Northeast	2017022420	2721.94	0	2721.94
Northeast	2017022421	2587.08	0	2587.08
Northeast	2017022422	2379.52	0	2379.52
Northeast	2017022423	2161.89	0	2161.89
Northeast	2017022500	2008.13	0	2008.13
Northeast	2017022501	1924.55	0	1924.55
Northeast	2017022502	1894.68	0	1894.68
Northeast	2017022503	1901.63	0	1901.63
Northeast	2017022504	1985.38	0	1985.38
Northeast	2017022505	2213.96	0	2213.96
Northeast	2017022506	2594.7	0	2594.7
Northeast	2017022507	2780.42	0	2780.42
Northeast	2017022508	2789.3	0	2789.3
Northeast	2017022509	2786.67	0	2786.67
Northeast	2017022510	2766.91	0	2766.91
Northeast	2017022511	2754.93	0	2754.93
Northeast	2017022512	2721.81	0	2721.81
Northeast	2017022513	2699.86	0	2699.86
Northeast	2017022514	2667.43	0	2667.43
Northeast	2017022515	2665.09	0	2665.09
Northeast	2017022516	2732.67	0	2732.67
Northeast	2017022517	2885.57	0	2885.57
Northeast	2017022518	3117.87	0	3117.87
Northeast	2017022519	3150.89	0	3150.89
Northeast	2017022520	3139.96	0	3139.96
Northeast	2017022521	3059.35	0	3059.35
Northeast	2017022522	2883.78	0	2883.78
Northeast	2017022523	2733.42	0	2733.42
Northeast	2017022600	2677.16	0	2677.16
Northeast	2017022601	2670.32	0	2670.32
Northeast	2017022602	2690.15	0	2690.15
Northeast	2017022603	2759.19	0	2759.19
Northeast	2017022604	2913.28	0	2913.28
Northeast	2017022605	3209.71	0	3209.71
Northeast	2017022606	3641.16	0	3641.16
Northeast	2017022607	3788.87	0	3788.87
Northeast	2017022608	3622.5	0	3622.5
Northeast	2017022609	3447.06	0	3447.06
Northeast	2017022610	3312.07	0	3312.07
Northeast	2017022611	3158.7	0	3158.7
Northeast	2017022612	3010.65	0	3010.65
Northeast	2017022613	2889.29	0	2889.29
Northeast	2017022614	2782.97	0	2782.97
Northeast	2017022615	2713.26	0	2713.26
Northeast	2017022616	2727.41	0	2727.41
Northeast	2017022617	2861.36	0	2861.36
Northeast	2017022618	3167.64	0	3167.64
Northeast	2017022619	3268.61	0	3268.61
Northeast	2017022620	3311.65	0	3311.65
Northeast	2017022621	3263.39	0	3263.39
Northeast	2017022622	3109.9	0	3109.9
Northeast	2017022623	2961.05	0	2961.05
Northeast	2017022700	2891.67	0	2891.67
Northeast	2017022701	2893.4	0	2893.4
Northeast	2017022702	2930.25	0	2930.25
Northeast	2017022703	2997.62	0	2997.62
Northeast	2017022704	3130.91	0	3130.91
Northeast	2017022705	3396.47	0	3396.47
Northeast	2017022706	3802.27	0	3802.27
Northeast	2017022707	3932.81	0	3932.81
Northeast	2017022708	3746.93	0	3746.93
Northeast	2017022709	3522.74	0	3522.74
Northeast	2017022710	3350.28	0	3350.28
Northeast	2017022711	3177.94	0	3177.94
Northeast	2017022712	3030.28	0	3030.28
Northeast	2017022713	2925.98	0	2925.98
Northeast	2017022714	2830.41	0	2830.41
Northeast	2017022715	2766.17	0	2766.17
Northeast	2017022716	2801.61	0	2801.61
Northeast	2017022717	2935	0	2935
Northeast	2017022718	3158.47	0	3158.47
Northeast	2017022719	3191.06	0	3191.06
Northeast	2017022720	3191.1	0	3191.1
Northeast	2017022721	3147.12	0	3147.12
Northeast	2017022722	3027.84	0	3027.84
Northeast	2017022723	2895.28	0	2895.28
Northeast	2017022800	2824.86	0	2824.86
Northeast	2017022801	2805.04	0	2805.04
Northeast	2017022802	2805.3	0	2805.3
Northeast	2017022803	2841.19	0	2841.19
Northeast	2017022804	2913.98	0	2913.98
Northeast	2017022805	3025.54	0	3025.54
Northeast	2017022806	3202.26	0	3202.26
Northeast	2017022807	3362.29	0	3362.29
Northeast	2017022808	3395.81	0	3395.81
Northeast	2017022809	3318.4	0	3318.4
Northeast	2017022810	3185.61	0	3185.61
Northeast	2017022811	3005.84	0	3005.84
Northeast	2017022812	2829.32	0	2829.32
Northeast	2017022813	2666.76	0	2666.76
Northeast	2017022814	2551.34	0	2551.34
Northeast	2017022815	2490.65	0	2490.65
Northeast	2017022816	2481.69	0	2481.69
Northeast	2017022817	2573.3	0	2573.3
Northeast	2017022818	2809.07	0	2809.07
Northeast	2017022819	2879.99	0	2879.99
Northeast	2017022820	2903.21	0	2903.21
Northeast	2017022821	2890.12	0	2890.12
Northeast	2017022822	2828.24	0	2828.24
Northeast	2017022823	2747.82	0	2747.82
South	2017020100	590.382	0	590.382
South	2017020101	589.761	0	589.761
South	2017020102	587.611	0	587.611
South	2017020103	587.746	0	587.746
South	2017020104	590.038	0	590.038
South	2017020105	590.783	0	590.783
South	2017020106	595.383	0	595.383
South	2017020107	606.931	0	606.931
South	2017020108	608.317	0	608.317
South	2017020109	608.442	0	608.442
South	2017020110	601.044	0	601.044
South	2017020111	595.331	0	595.331
South	2017020112	591.95	0	591.95
South	2017020113	588.28	0	588.28
South	2017020114	586.8	0	586.8
South	2017020115	585.645	0	585.645
South	2017020116	586.457	0	586.457
South	2017020117	592.293	0	592.293
South	2017020118	615.878	0	615.878
South	2017020119	618.841	0	618.841
South	2017020120	614.035	0	614.035
South	2017020121	606.181	0	606.181
South	2017020122	592.65	0	592.65
South	2017020123	581.995	0	581.995
South	2017020200	576.335	0	576.335
South	2017020201	572.392	0	572.392
South	2017020202	571.598	0	571.598
South	2017020203	574.118	0	574.118
South	2017020204	582.731	0	582.731
South	2017020205	593.053	0	593.053
South	2017020206	614.003	0	614.003
South	2017020207	633.43	0	633.43
South	2017020208	632.252	0	632.252
South	2017020209	635.514	0	635.514
South	2017020210	634.417	0	634.417
South	2017020211	630.32	0	630.32
South	2017020212	624.379	0	624.379
South	2017020213	621.735	0	621.735
South	2017020214	619.474	0	619.474
South	2017020215	616.864	0	616.864
South	2017020216	616.945	0	616.945
South	2017020217	621.883	0	621.883
South	2017020218	650.96	0	650.96
South	2017020219	658.587	0	658.587
South	2017020220	655.951	0	655.951
South	2017020221	647.671	0	647.671
South	2017020222	630.196	0	630.196
South	2017020223	612.541	0	612.541
South	2017020300	595.581	0	595.581
South	2017020301	590.529	0	590.529
South	2017020302	591.573	0	591.573
South	2017020303	594.659	0	594.659
South	2017020304	601.712	0	601.712
South	2017020305	624.98	0	624.98
South	2017020306	663.687	0	663.687
South	2017020307	686.955	0	686.955
South	2017020308	681.699	0	681.699
South	2017020309	670.88	0	670.88
South	2017020310	658.745	0	658.745
South	2017020311	646.915	0	646.915
South	2017020312	640.191	0	640.191
South	2017020313	633.469	0	633.469
South	2017020314	628.265	0	628.265
South	2017020315	624.967	0	624.967
South	2017020316	626.048	0	626.048
South	2017020317	633.196	0	633.196
South	2017020318	668.857	0	668.857
South	2017020319	679.334	0	679.334
South	2017020320	681.741	0	681.741
South	2017020321	675.132	0	675.132
South	2017020322	660.025	0	660.025
South	2017020323	645.538	0	645.538
South	2017020400	639.485	0	639.485
South	2017020401	640.747	0	640.747
South	2017020402	645.634	0	645.634
South	2017020403	652.03	0	652.03
South	2017020404	663.806	0	663.806
South	2017020405	687.555	0	687.555
South	2017020406	730.27	0	730.27
South	2017020407	757.014	0	757.014
South	2017020408	755.805	0	755.805
South	2017020409	757.574	0	757.574
South	2017020410	748.219	0	748.219
South	2017020411	729.397	0	729.397
South	2017020412	707.575	0	707.575
South	2017020413	686.81	0	686.81
South	2017020414	664.81	0	664.81
South	2017020415	651.14	0	651.14
South	2017020416	650.841	0	650.841
South	2017020417	657.789	0	657.789
South	2017020418	704.145	0	704.145
South	2017020419	719.799	0	719.799
South	2017020420	724.866	0	724.866
South	2017020421	716.259	0	716.259
South	2017020422	693.1	0	693.1
South	2017020423	672.633	0	672.633
South	2017020500	666.044	0	666.044
South	2017020501	659.773	0	659.773
South	2017020502	659.159	0	659.159
South	2017020503	660.416	0	660.416
South	2017020504	666.566	0	666.566
South	2017020505	689.225	0	689.225
South	2017020506	731.603	0	731.603
South	2017020507	756.821	0	756.821
South	2017020508	745.635	0	745.635
South	2017020509	744.694	0	744.694
South	2017020510	742.401	0	742.401
South	2017020511	733.132	0	733.132
South	2017020512	717.948	0	717.948
South	2017020513	712.709	0	712.709
South	2017020514	711.036	0	711.036
South	2017020515	717.065	0	717.065
South	2017020516	734.522	0	734.522
South	2017020517	754.958	0	754.958
South	2017020518	795.748	0	795.748
South	2017020519	809.922	0	809.922
South	2017020520	816.001	0	816.001
South	2017020521	810.915	0	810.915
South	2017020522	793.02	0	793.02
South	2017020523	779.591	0	779.591
South	2017020600	771.504	0	771.504
South	2017020601	774.318	0	774.318
South	2017020602	778.339	0	778.339
South	2017020603	783.535	0	783.535
South	2017020604	796.591	0	796.591
South	2017020605	823.146	0	823.146
South	2017020606	861.309	0	861.309
South	2017020607	885.909	0	885.909
South	2017020608	880.179	0	880.179
South	2017020609	881.621	0	881.621
South	2017020610	875.452	0	875.452
South	2017020611	859.567	0	859.567
South	2017020612	846.931	0	846.931
South	2017020613	843.815	0	843.815
South	2017020614	842.516	0	842.516
South	2017020615	840.556	0	840.556
South	2017020616	835.747	0	835.747
South	2017020617	839.128	0	839.128
South	2017020618	874.176	0	874.176
South	2017020619	879.861	0	879.861
South	2017020620	879.105	0	879.105
South	2017020621	874.515	0	874.515
South	2017020622	859.461	0	859.461
South	2017020623	850.607	0	850.607
South	2017020700	844.577	0	844.577
South	2017020701	843.092	0	843.092
South	2017020702	844.94	0	844.94
South	2017020703	848.737	0	848.737
South	2017020704	856.665	0	856.665
South	2017020705	870.297	0	870.297
South	2017020706	882.359	0	882.359
South	2017020707	898.564	0	898.564
South	2017020708	896.683	0	896.683
South	2017020709	873.184	0	873.184
South	2017020710	839.874	0	839.874
South	2017020711	804.812	0	804.812
South	2017020712	765.037	0	765.037
South	2017020713	733.224	0	733.224
South	2017020714	708.696	0	708.696
South	2017020715	696.131	0	696.131
South	2017020716	694.771	0	694.771
South	2017020717	711.932	0	711.932
South	2017020718	760.416	0	760.416
South	2017020719	783.51	0	783.51
South	2017020720	792.601	0	792.601
South	2017020721	796.901	0	796.901
South	2017020722	789.671	0	789.671
South	2017020723	779.463	0	779.463
South	2017020800	781.148	0	781.148
South	2017020801	782.256	0	782.256
South	2017020802	781.797	0	781.797
South	2017020803	781.353	0	781.353
South	2017020804	785.4	0	785.4
South	2017020805	793.005	0	793.005
South	2017020806	805.528	0	805.528
South	2017020807	819.771	0	819.771
South	2017020808	813.63	0	813.63
South	2017020809	796.015	0	796.015
South	2017020810	770.216	0	770.216
South	2017020811	742.31	0	742.31
South	2017020812	716.603	0	716.603
South	2017020813	693.926	0	693.926
South	2017020814	676.931	0	676.931
South	2017020815	665.738	0	665.738
South	2017020816	663.521	0	663.521
South	2017020817	676.649	0	676.649
South	2017020818	715.527	0	715.527
South	2017020819	733.467	0	733.467
South	2017020820	733.783	0	733.783
South	2017020821	726.135	0	726.135
South	2017020822	709.103	0	709.103
South	2017020823	694.207	0	694.207
South	2017020900	661.961	0	661.961
South	2017020901	659.344	0	659.344
South	2017020902	661.798	0	661.798
South	2017020903	664.95	0	664.95
South	2017020904	675.294	0	675.294
South	2017020905	699.323	0	699.323
South	2017020906	734.799	0	734.799
South	2017020907	754.316	0	754.316
South	2017020908	735.218	0	735.218
South	2017020909	713.312	0	713.312
South	2017020910	687.935	0	687.935
South	2017020911	667.937	0	667.937
South	2017020912	648.306	0	648.306
South	2017020913	637.081	0	637.081
South	2017020914	628.685	0	628.685
South	2017020915	623.7	0	623.7
South	2017020916	625.129	0	625.129
South	2017020917	625.797	0	625.797
South	2017020918	655.584	0	655.584
South	2017020919	660.802	0	660.802
South	2017020920	659.363	0	659.363
South	2017020921	645.615	0	645.615
South	2017020922	625.986	0	625.986
South	2017020923	603.133	0	603.133
South	2017021000	613.604	0	613.604
South	2017021001	606.251	0	606.251
South	2017021002	604.394	0	604.394
South	2017021003	604.119	0	604.119
South	2017021004	610.461	0	610.461
South	2017021005	633.651	0	633.651
South	2017021006	671.27	0	671.27
South	2017021007	689.924	0	689.924
South	2017021008	677.664	0	677.664
South	2017021009	665.022	0	665.022
South	2017021010	655.009	0	655.009
South	2017021011	644.846	0	644.846
South	2017021012	637.255	0	637.255
South	2017021013	631.431	0	631.431
South	2017021014	629.369	0	629.369
South	2017021015	631.801	0	631.801
South	2017021016	634.71	0	634.71
South	2017021017	633.007	0	633.007
South	2017021018	654.193	0	654.193
South	2017021019	653.938	0	653.938
South	2017021020	646.946	0	646.946
South	2017021021	633.943	0	633.943
South	2017021022	615.986	0	615.986
South	2017021023	597.067	0	597.067
South	2017021100	586.967	0	586.967
South	2017021101	584.688	0	584.688
South	2017021102	585.53	0	585.53
South	2017021103	585.522	0	585.522
South	2017021104	592.575	0	592.575
South	2017021105	615.489	0	615.489
South	2017021106	657.567	0	657.567
South	2017021107	676.56	0	676.56
South	2017021108	663.761	0	663.761
South	2017021109	658.025	0	658.025
South	2017021110	652.347	0	652.347
South	2017021111	645.793	0	645.793
South	2017021112	638.693	0	638.693
South	2017021113	640.515	0	640.515
South	2017021114	641.545	0	641.545
South	2017021115	641.574	0	641.574
South	2017021116	643.626	0	643.626
South	2017021117	637.159	0	637.159
South	2017021118	655.612	0	655.612
South	2017021119	659.976	0	659.976
South	2017021120	652.956	0	652.956
South	2017021121	635.96	0	635.96
South	2017021122	611.935	0	611.935
South	2017021123	589.104	0	589.104
South	2017021200	582.117	0	582.117
South	2017021201	574.637	0	574.637
South	2017021202	572.227	0	572.227
South	2017021203	572.029	0	572.029
South	2017021204	576.212	0	576.212
South	2017021205	594.716	0	594.716
South	2017021206	634.958	0	634.958
South	2017021207	659.018	0	659.018
South	2017021208	652.054	0	652.054
South	2017021209	657.229	0	657.229
South	2017021210	658.441	0	658.441
South	2017021211	654.787	0	654.787
South	2017021212	646.855	0	646.855
South	2017021213	648.331	0	648.331
South	2017021214	648.178	0	648.178
South	2017021215	646.342	0	646.342
South	2017021216	645.124	0	645.124
South	2017021217	642.11	0	642.11
South	2017021218	660.748	0	660.748
South	2017021219	660.94	0	660.94
South	2017021220	656.498	0	656.498
South	2017021221	643.448	0	643.448
South	2017021222	622.813	0	622.813
South	2017021223	602.457	0	602.457
South	2017021300	587.653	0	587.653
South	2017021301	579.258	0	579.258
South	2017021302	577.214	0	577.214
South	2017021303	578.266	0	578.266
South	2017021304	587.805	0	587.805
South	2017021305	609.378	0	609.378
South	2017021306	650.82	0	650.82
South	2017021307	674.351	0	674.351
South	2017021308	675.678	0	675.678
South	2017021309	687.863	0	687.863
South	2017021310	696.146	0	696.146
South	2017021311	695.618	0	695.618
South	2017021312	692.029	0	692.029
South	2017021313	692.231	0	692.231
South	2017021314	687.375	0	687.375
South	2017021315	687.06	0	687.06
South	2017021316	688.613	0	688.613
South	2017021317	692.829	0	692.829
South	2017021318	717.792	0	717.792
South	2017021319	722.019	0	722.019
South	2017021320	718.371	0	718.371
South	2017021321	708.064	0	708.064
South	2017021322	693.893	0	693.893
South	2017021323	676.567	0	676.567
South	2017021400	663.977	0	663.977
South	2017021401	659.671	0	659.671
South	2017021402	658.978	0	658.978
South	2017021403	660.265	0	660.265
South	2017021404	665.177	0	665.177
South	2017021405	671.732	0	671.732
South	2017021406	683.664	0	683.664
South	2017021407	701.421	0	701.421
South	2017021408	718.853	0	718.853
South	2017021409	732.507	0	732.507
South	2017021410	740.088	0	740.088
South	2017021411	742.127	0	742.127
South	2017021412	733.224	0	733.224
South	2017021413	724.524	0	724.524
South	2017021414	717.501	0	717.501
South	2017021415	713.298	0	713.298
South	2017021416	715.634	0	715.634
South	2017021417	722.408	0	722.408
South	2017021418	739.382	0	739.382
South	2017021419	738.381	0	738.381
South	2017021420	730.338	0	730.338
South	2017021421	719.935	0	719.935
South	2017021422	703.589	0	703.589
South	2017021423	682.789	0	682.789
South	2017021500	678.864	0	678.864
South	2017021501	670.494	0	670.494
South	2017021502	662.562	0	662.562
South	2017021503	656.19	0	656.19
South	2017021504	655.609	0	655.609
South	2017021505	659.335	0	659.335
South	2017021506	666.485	0	666.485
South	2017021507	680.409	0	680.409
South	2017021508	683.453	0	683.453
South	2017021509	691.484	0	691.484
South	2017021510	685.651	0	685.651
South	2017021511	678.462	0	678.462
South	2017021512	673.738	0	673.738
South	2017021513	670.466	0	670.466
South	2017021514	666.495	0	666.495
South	2017021515	661.364	0	661.364
South	2017021516	659.63	0	659.63
South	2017021517	667.601	0	667.601
South	2017021518	679.52	0	679.52
South	2017021519	691.818	0	691.818
South	2017021520	684.668	0	684.668
South	2017021521	667.602	0	667.602
South	2017021522	652.225	0	652.225
South	2017021523	640.557	0	640.557
South	2017021600	604.61	0	604.61
South	2017021601	598.419	0	598.419
South	2017021602	599.371	0	599.371
South	2017021603	600.281	0	600.281
South	2017021604	610.321	0	610.321
South	2017021605	631.215	0	631.215
South	2017021606	659.008	0	659.008
South	2017021607	681.945	0	681.945
South	2017021608	676.27	0	676.27
South	2017021609	668.536	0	668.536
South	2017021610	657.074	0	657.074
South	2017021611	648.282	0	648.282
South	2017021612	634.98	0	634.98
South	2017021613	625.975	0	625.975
South	2017021614	620.439	0	620.439
South	2017021615	621.766	0	621.766
South	2017021616	626.255	0	626.255
South	2017021617	627.075	0	627.075
South	2017021618	651.79	0	651.79
South	2017021619	662.018	0	662.018
South	2017021620	659.302	0	659.302
South	2017021621	648.132	0	648.132
South	2017021622	629.705	0	629.705
South	2017021623	605.913	0	605.913
South	2017021700	606.779	0	606.779
South	2017021701	603.81	0	603.81
South	2017021702	605.001	0	605.001
South	2017021703	608.407	0	608.407
South	2017021704	620.398	0	620.398
South	2017021705	644.432	0	644.432
South	2017021706	689.652	0	689.652
South	2017021707	716.513	0	716.513
South	2017021708	712.333	0	712.333
South	2017021709	711.154	0	711.154
South	2017021710	707.921	0	707.921
South	2017021711	705.568	0	705.568
South	2017021712	705.53	0	705.53
South	2017021713	704.736	0	704.736
South	2017021714	702.72	0	702.72
South	2017021715	704.243	0	704.243
South	2017021716	709.815	0	709.815
South	2017021717	721.636	0	721.636
South	2017021718	744.485	0	744.485
South	2017021719	748.063	0	748.063
South	2017021720	740.359	0	740.359
South	2017021721	721.831	0	721.831
South	2017021722	692.828	0	692.828
South	2017021723	670.931	0	670.931
South	2017021800	650.033	0	650.033
South	2017021801	644.541	0	644.541
South	2017021802	643.639	0	643.639
South	2017021803	641.493	0	641.493
South	2017021804	649.069	0	649.069
South	2017021805	671.758	0	671.758
South	2017021806	704.415	0	704.415
South	2017021807	722.033	0	722.033
South	2017021808	712.18	0	712.18
South	2017021809	707.394	0	707.394
South	2017021810	703.167	0	703.167
South	2017021811	690.898	0	690.898
South	2017021812	675.456	0	675.456
South	2017021813	663.592	0	663.592
South	2017021814	652.256	0	652.256
South	2017021815	646.266	0	646.266
South	2017021816	647.308	0	647.308
South	2017021817	647.921	0	647.921
South	2017021818	677.679	0	677.679
South	2017021819	687.677	0	687.677
South	2017021820	687.901	0	687.901
South	2017021821	678.486	0	678.486
South	2017021822	659.282	0	659.282
South	2017021823	638.111	0	638.111
South	2017021900	631.96	0	631.96
South	2017021901	629.377	0	629.377
South	2017021902	630.464	0	630.464
South	2017021903	636.32	0	636.32
South	2017021904	643.681	0	643.681
South	2017021905	669.35	0	669.35
South	2017021906	710.321	0	710.321
South	2017021907	733.901	0	733.901
South	2017021908	715.868	0	715.868
South	2017021909	703.431	0	703.431
South	2017021910	689.989	0	689.989
South	2017021911	673.94	0	673.94
South	2017021912	658.048	0	658.048
South	2017021913	649.703	0	649.703
South	2017021914	644.329	0	644.329
South	2017021915	639.483	0	639.483
South	2017021916	637.6	0	637.6
South	2017021917	636.574	0	636.574
South	2017021918	662.875	0	662.875
South	2017021919	673.523	0	673.523
South	2017021920	674.674	0	674.674
South	2017021921	664.261	0	664.261
South	2017021922	647.363	0	647.363
South	2017021923	628.872	0	628.872
South	2017022000	619.546	0	619.546
South	2017022001	616.889	0	616.889
South	2017022002	617.672	0	617.672
South	2017022003	618.371	0	618.371
South	2017022004	629.457	0	629.457
South	2017022005	653.272	0	653.272
South	2017022006	690.034	0	690.034
South	2017022007	708.44	0	708.44
South	2017022008	692.529	0	692.529
South	2017022009	680.28	0	680.28
South	2017022010	667.833	0	667.833
South	2017022011	655.141	0	655.141
South	2017022012	646.522	0	646.522
South	2017022013	641.413	0	641.413
South	2017022014	634.929	0	634.929
South	2017022015	630.885	0	630.885
South	2017022016	624.842	0	624.842
South	2017022017	619.732	0	619.732
South	2017022018	638.183	0	638.183
South	2017022019	644.704	0	644.704
South	2017022020	640.933	0	640.933
South	2017022021	636.954	0	636.954
South	2017022022	625.197	0	625.197
South	2017022023	614.946	0	614.946
South	2017022100	605.778	0	605.778
South	2017022101	600.625	0	600.625
South	2017022102	599.948	0	599.948
South	2017022103	599.481	0	599.481
South	2017022104	603.902	0	603.902
South	2017022105	616.184	0	616.184
South	2017022106	630.802	0	630.802
South	2017022107	647.042	0	647.042
South	2017022108	652.307	0	652.307
South	2017022109	652.043	0	652.043
South	2017022110	650.541	0	650.541
South	2017022111	643.886	0	643.886
South	2017022112	635.056	0	635.056
South	2017022113	632.593	0	632.593
South	2017022114	627.559	0	627.559
South	2017022115	624.503	0	624.503
South	2017022116	626.604	0	626.604
South	2017022117	633.611	0	633.611
South	2017022118	655.146	0	655.146
South	2017022119	662.243	0	662.243
South	2017022120	661.955	0	661.955
South	2017022121	659.345	0	659.345
South	2017022122	648.062	0	648.062
South	2017022123	640.435	0	640.435
South	2017022200	634.708	0	634.708
South	2017022201	628.195	0	628.195
South	2017022202	624.322	0	624.322
South	2017022203	621.804	0	621.804
South	2017022204	622.495	0	622.495
South	2017022205	628.786	0	628.786
South	2017022206	639.376	0	639.376
South	2017022207	652.51	0	652.51
South	2017022208	656.707	0	656.707
South	2017022209	658.363	0	658.363
South	2017022210	649.459	0	649.459
South	2017022211	638.44	0	638.44
South	2017022212	629.309	0	629.309
South	2017022213	617.74	0	617.74
South	2017022214	609.908	0	609.908
South	2017022215	604.442	0	604.442
South	2017022216	603.133	0	603.133
South	2017022217	608.881	0	608.881
South	2017022218	635.999	0	635.999
South	2017022219	652.757	0	652.757
South	2017022220	653.57	0	653.57
South	2017022221	647.4	0	647.4
South	2017022222	633.1	0	633.1
South	2017022223	619.745	0	619.745
South	2017022300	587.734	0	587.734
South	2017022301	588.024	0	588.024
South	2017022302	595.547	0	595.547
South	2017022303	603.504	0	603.504
South	2017022304	616.563	0	616.563
South	2017022305	643.931	0	643.931
South	2017022306	691.155	0	691.155
South	2017022307	713.517	0	713.517
South	2017022308	694.107	0	694.107
South	2017022309	674.526	0	674.526
South	2017022310	652.554	0	652.554
South	2017022311	636.487	0	636.487
South	2017022312	624.062	0	624.062
South	2017022313	620.939	0	620.939
South	2017022314	616.466	0	616.466
South	2017022315	613.999	0	613.999
South	2017022316	615.724	0	615.724
South	2017022317	609.315	0	609.315
South	2017022318	629.408	0	629.408
South	2017022319	642.306	0	642.306
South	2017022320	639.986	0	639.986
South	2017022321	627.822	0	627.822
South	2017022322	609.325	0	609.325
South	2017022323	586.153	0	586.153
South	2017022400	590.385	0	590.385
South	2017022401	586.479	0	586.479
South	2017022402	586.31	0	586.31
South	2017022403	589.478	0	589.478
South	2017022404	595.199	0	595.199
South	2017022405	618.034	0	618.034
South	2017022406	655.987	0	655.987
South	2017022407	673.145	0	673.145
South	2017022408	659.031	0	659.031
South	2017022409	648.6	0	648.6
South	2017022410	641.398	0	641.398
South	2017022411	635.979	0	635.979
South	2017022412	632.36	0	632.36
South	2017022413	631.417	0	631.417
South	2017022414	630.33	0	630.33
South	2017022415	628.621	0	628.621
South	2017022416	626.598	0	626.598
South	2017022417	625.103	0	625.103
South	2017022418	650.791	0	650.791
South	2017022419	658.736	0	658.736
South	2017022420	654.071	0	654.071
South	2017022421	641.912	0	641.912
South	2017022422	621.872	0	621.872
South	2017022423	602.137	0	602.137
South	2017022500	594.477	0	594.477
South	2017022501	589.988	0	589.988
South	2017022502	590.939	0	590.939
South	2017022503	591.554	0	591.554
South	2017022504	601.691	0	601.691
South	2017022505	627.52	0	627.52
South	2017022506	672.419	0	672.419
South	2017022507	696.677	0	696.677
South	2017022508	689.13	0	689.13
South	2017022509	686.033	0	686.033
South	2017022510	680.452	0	680.452
South	2017022511	668.224	0	668.224
South	2017022512	661.113	0	661.113
South	2017022513	656.757	0	656.757
South	2017022514	648.599	0	648.599
South	2017022515	641.502	0	641.502
South	2017022516	643.833	0	643.833
South	2017022517	646.772	0	646.772
South	2017022518	682.004	0	682.004
South	2017022519	697.675	0	697.675
South	2017022520	703.031	0	703.031
South	2017022521	697.639	0	697.639
South	2017022522	679.552	0	679.552
South	2017022523	665.658	0	665.658
South	2017022600	664.067	0	664.067
South	2017022601	664.904	0	664.904
South	2017022602	669.663	0	669.663
South	2017022603	677.58	0	677.58
South	2017022604	696.17	0	696.17
South	2017022605	728.421	0	728.421
South	2017022606	774.96	0	774.96
South	2017022607	797.121	0	797.121
South	2017022608	775.169	0	775.169
South	2017022609	750.995	0	750.995
South	2017022610	725.251	0	725.251
South	2017022611	699.881	0	699.881
South	2017022612	676.04	0	676.04
South	2017022613	662.418	0	662.418
South	2017022614	650.339	0	650.339
South	2017022615	640.698	0	640.698
South	2017022616	640.795	0	640.795
South	2017022617	645.199	0	645.199
South	2017022618	680.354	0	680.354
South	2017022619	701.748	0	701.748
South	2017022620	707.039	0	707.039
South	2017022621	704.492	0	704.492
South	2017022622	691.833	0	691.833
South	2017022623	675.837	0	675.837
South	2017022700	668.966	0	668.966
South	2017022701	669.804	0	669.804
South	2017022702	676.021	0	676.021
South	2017022703	681.348	0	681.348
South	2017022704	695.793	0	695.793
South	2017022705	722.468	0	722.468
South	2017022706	768.223	0	768.223
South	2017022707	786.573	0	786.573
South	2017022708	770.907	0	770.907
South	2017022709	757.618	0	757.618
South	2017022710	744.907	0	744.907
South	2017022711	729.385	0	729.385
South	2017022712	713.764	0	713.764
South	2017022713	706.066	0	706.066
South	2017022714	705.183	0	705.183
South	2017022715	709.124	0	709.124
South	2017022716	716.087	0	716.087
South	2017022717	724.083	0	724.083
South	2017022718	751.17	0	751.17
South	2017022719	756.611	0	756.611
South	2017022720	751.603	0	751.603
South	2017022721	744.804	0	744.804
South	2017022722	726.485	0	726.485
South	2017022723	712.738	0	712.738
South	2017022800	707.798	0	707.798
South	2017022801	705.198	0	705.198
South	2017022802	706.774	0	706.774
South	2017022803	708.237	0	708.237
South	2017022804	711.913	0	711.913
South	2017022805	723.922	0	723.922
South	2017022806	738.837	0	738.837
South	2017022807	756.427	0	756.427
South	2017022808	761.452	0	761.452
South	2017022809	750.745	0	750.745
South	2017022810	731.328	0	731.328
South	2017022811	705.63	0	705.63
South	2017022812	676.674	0	676.674
South	2017022813	657.847	0	657.847
South	2017022814	643.297	0	643.297
South	2017022815	635.138	0	635.138
South	2017022816	633.854	0	633.854
South	2017022817	639.397	0	639.397
South	2017022818	669.092	0	669.092
South	2017022819	691.263	0	691.263
South	2017022820	698.219	0	698.219
South	2017022821	698.851	0	698.851
South	2017022822	693.298	0	693.298
South	2017022823	686.771	0	686.771
Coast	2017020100	1758.36	0	1758.36
Coast	2017020101	1713.94	0	1713.94
Coast	2017020102	1665.29	0	1665.29
Coast	2017020103	1627.5	0	1627.5
Coast	2017020104	1602.37	0	1602.37
Coast	2017020105	1595.62	0	1595.62
Coast	2017020106	1611.42	0	1611.42
Coast	2017020107	1625.15	0	1625.15
Coast	2017020108	1657.83	0	1657.83
Coast	2017020109	1729.3	0	1729.3
Coast	2017020110	1795.76	0	1795.76
Coast	2017020111	1863.11	0	1863.11
Coast	2017020112	1923.48	0	1923.48
Coast	2017020113	1967.58	0	1967.58
Coast	2017020114	1991.52	0	1991.52
Coast	2017020115	1997.59	0	1997.59
Coast	2017020116	1988.78	0	1988.78
Coast	2017020117	2036.2	0	2036.2
Coast	2017020118	2116.7	0	2116.7
Coast	2017020119	2090.2	0	2090.2
Coast	2017020120	2046.12	0	2046.12
Coast	2017020121	2002.97	0	2002.97
Coast	2017020122	1933.54	0	1933.54
Coast	2017020123	1857.54	0	1857.54
Coast	2017020200	1767.37	0	1767.37
Coast	2017020201	1717.63	0	1717.63
Coast	2017020202	1696.16	0	1696.16
Coast	2017020203	1701.2	0	1701.2
Coast	2017020204	1728.94	0	1728.94
Coast	2017020205	1777.4	0	1777.4
Coast	2017020206	1835.29	0	1835.29
Coast	2017020207	1864.75	0	1864.75
Coast	2017020208	1911.98	0	1911.98
Coast	2017020209	1920.54	0	1920.54
Coast	2017020210	1958.77	0	1958.77
Coast	2017020211	2022.94	0	2022.94
Coast	2017020212	2082.31	0	2082.31
Coast	2017020213	2137.8	0	2137.8
Coast	2017020214	2187.41	0	2187.41
Coast	2017020215	2207.39	0	2207.39
Coast	2017020216	2186.29	0	2186.29
Coast	2017020217	2171.8	0	2171.8
Coast	2017020218	2222.41	0	2222.41
Coast	2017020219	2178.78	0	2178.78
Coast	2017020220	2118.83	0	2118.83
Coast	2017020221	2039.35	0	2039.35
Coast	2017020222	1913.62	0	1913.62
Coast	2017020223	1787.1	0	1787.1
Coast	2017020300	1703.32	0	1703.32
Coast	2017020301	1647.64	0	1647.64
Coast	2017020302	1620.56	0	1620.56
Coast	2017020303	1618.86	0	1618.86
Coast	2017020304	1653.14	0	1653.14
Coast	2017020305	1763.26	0	1763.26
Coast	2017020306	1923.11	0	1923.11
Coast	2017020307	2001.95	0	2001.95
Coast	2017020308	2020.46	0	2020.46
Coast	2017020309	2047.06	0	2047.06
Coast	2017020310	2081.79	0	2081.79
Coast	2017020311	2120.16	0	2120.16
Coast	2017020312	2151.75	0	2151.75
Coast	2017020313	2185.33	0	2185.33
Coast	2017020314	2204.52	0	2204.52
Coast	2017020315	2197.77	0	2197.77
Coast	2017020316	2176.76	0	2176.76
Coast	2017020317	2176.39	0	2176.39
Coast	2017020318	2218.55	0	2218.55
Coast	2017020319	2177.83	0	2177.83
Coast	2017020320	2115.43	0	2115.43
Coast	2017020321	2020.03	0	2020.03
Coast	2017020322	1897.76	0	1897.76
Coast	2017020323	1783.39	0	1783.39
Coast	2017020400	1692.39	0	1692.39
Coast	2017020401	1663.3	0	1663.3
Coast	2017020402	1651.92	0	1651.92
Coast	2017020403	1667.26	0	1667.26
Coast	2017020404	1727.31	0	1727.31
Coast	2017020405	1871.42	0	1871.42
Coast	2017020406	2100.96	0	2100.96
Coast	2017020407	2190.99	0	2190.99
Coast	2017020408	2188.8	0	2188.8
Coast	2017020409	2223.96	0	2223.96
Coast	2017020410	2217.53	0	2217.53
Coast	2017020411	2203.18	0	2203.18
Coast	2017020412	2171.66	0	2171.66
Coast	2017020413	2172.78	0	2172.78
Coast	2017020414	2142.59	0	2142.59
Coast	2017020415	2120.58	0	2120.58
Coast	2017020416	2127.66	0	2127.66
Coast	2017020417	2219.89	0	2219.89
Coast	2017020418	2321.18	0	2321.18
Coast	2017020419	2315.71	0	2315.71
Coast	2017020420	2283.37	0	2283.37
Coast	2017020421	2202.18	0	2202.18
Coast	2017020422	2078.53	0	2078.53
Coast	2017020423	1956.9	0	1956.9
Coast	2017020500	1894.39	0	1894.39
Coast	2017020501	1839.66	0	1839.66
Coast	2017020502	1810.22	0	1810.22
Coast	2017020503	1806.23	0	1806.23
Coast	2017020504	1847.58	0	1847.58
Coast	2017020505	1967.3	0	1967.3
Coast	2017020506	2137.04	0	2137.04
Coast	2017020507	2186.35	0	2186.35
Coast	2017020508	2168.3	0	2168.3
Coast	2017020509	2182.57	0	2182.57
Coast	2017020510	2190.52	0	2190.52
Coast	2017020511	2184.09	0	2184.09
Coast	2017020512	2165.01	0	2165.01
Coast	2017020513	2155.58	0	2155.58
Coast	2017020514	2138.51	0	2138.51
Coast	2017020515	2139.24	0	2139.24
Coast	2017020516	2158.39	0	2158.39
Coast	2017020517	2226.18	0	2226.18
Coast	2017020518	2275.76	0	2275.76
Coast	2017020519	2262.23	0	2262.23
Coast	2017020520	2238.98	0	2238.98
Coast	2017020521	2176.44	0	2176.44
Coast	2017020522	2083.35	0	2083.35
Coast	2017020523	1991.94	0	1991.94
Coast	2017020600	1935.9	0	1935.9
Coast	2017020601	1918.07	0	1918.07
Coast	2017020602	1913.81	0	1913.81
Coast	2017020603	1943.99	0	1943.99
Coast	2017020604	2037.48	0	2037.48
Coast	2017020605	2210.21	0	2210.21
Coast	2017020606	2441.08	0	2441.08
Coast	2017020607	2546.63	0	2546.63
Coast	2017020608	2572.64	0	2572.64
Coast	2017020609	2642.92	0	2642.92
Coast	2017020610	2702.48	0	2702.48
Coast	2017020611	2724.04	0	2724.04
Coast	2017020612	2741.09	0	2741.09
Coast	2017020613	2763.21	0	2763.21
Coast	2017020614	2775.27	0	2775.27
Coast	2017020615	2790.68	0	2790.68
Coast	2017020616	2828.13	0	2828.13
Coast	2017020617	2914.21	0	2914.21
Coast	2017020618	2952.93	0	2952.93
Coast	2017020619	2925.03	0	2925.03
Coast	2017020620	2904.45	0	2904.45
Coast	2017020621	2857.85	0	2857.85
Coast	2017020622	2768.23	0	2768.23
Coast	2017020623	2700.47	0	2700.47
Coast	2017020700	2632.47	0	2632.47
Coast	2017020701	2598.15	0	2598.15
Coast	2017020702	2591.13	0	2591.13
Coast	2017020703	2591.91	0	2591.91
Coast	2017020704	2611	0	2611
Coast	2017020705	2654.8	0	2654.8
Coast	2017020706	2708.82	0	2708.82
Coast	2017020707	2763.78	0	2763.78
Coast	2017020708	2800.29	0	2800.29
Coast	2017020709	2811.01	0	2811.01
Coast	2017020710	2768.59	0	2768.59
Coast	2017020711	2686.6	0	2686.6
Coast	2017020712	2574.54	0	2574.54
Coast	2017020713	2468.66	0	2468.66
Coast	2017020714	2380.13	0	2380.13
Coast	2017020715	2319.35	0	2319.35
Coast	2017020716	2309.1	0	2309.1
Coast	2017020717	2414.07	0	2414.07
Coast	2017020718	2561.83	0	2561.83
Coast	2017020719	2612.18	0	2612.18
Coast	2017020720	2633.35	0	2633.35
Coast	2017020721	2618.49	0	2618.49
Coast	2017020722	2571.95	0	2571.95
Coast	2017020723	2522.55	0	2522.55
Coast	2017020800	2482.36	0	2482.36
Coast	2017020801	2450.93	0	2450.93
Coast	2017020802	2438.35	0	2438.35
Coast	2017020803	2440.1	0	2440.1
Coast	2017020804	2466.57	0	2466.57
Coast	2017020805	2508.24	0	2508.24
Coast	2017020806	2571.79	0	2571.79
Coast	2017020807	2603.34	0	2603.34
Coast	2017020808	2589.14	0	2589.14
Coast	2017020809	2543.1	0	2543.1
Coast	2017020810	2484.96	0	2484.96
Coast	2017020811	2401.54	0	2401.54
Coast	2017020812	2297.81	0	2297.81
Coast	2017020813	2201.01	0	2201.01
Coast	2017020814	2132.5	0	2132.5
Coast	2017020815	2092.4	0	2092.4
Coast	2017020816	2100.25	0	2100.25
Coast	2017020817	2215.95	0	2215.95
Coast	2017020818	2369.98	0	2369.98
Coast	2017020819	2411.67	0	2411.67
Coast	2017020820	2399.35	0	2399.35
Coast	2017020821	2338.39	0	2338.39
Coast	2017020822	2220.46	0	2220.46
Coast	2017020823	2094.4	0	2094.4
Coast	2017020900	2006.03	0	2006.03
Coast	2017020901	1953.3	0	1953.3
Coast	2017020902	1932.21	0	1932.21
Coast	2017020903	1942.15	0	1942.15
Coast	2017020904	1995.22	0	1995.22
Coast	2017020905	2123.34	0	2123.34
Coast	2017020906	2276.32	0	2276.32
Coast	2017020907	2301.15	0	2301.15
Coast	2017020908	2258.69	0	2258.69
Coast	2017020909	2227.24	0	2227.24
Coast	2017020910	2165.89	0	2165.89
Coast	2017020911	2126.8	0	2126.8
Coast	2017020912	2089.33	0	2089.33
Coast	2017020913	2077.34	0	2077.34
Coast	2017020914	2059.58	0	2059.58
Coast	2017020915	2046.17	0	2046.17
Coast	2017020916	2047.02	0	2047.02
Coast	2017020917	2104.3	0	2104.3
Coast	2017020918	2177.79	0	2177.79
Coast	2017020919	2155.69	0	2155.69
Coast	2017020920	2119.29	0	2119.29
Coast	2017020921	2028.12	0	2028.12
Coast	2017020922	1908.58	0	1908.58
Coast	2017020923	1788.69	0	1788.69
Coast	2017021000	1760.37	0	1760.37
Coast	2017021001	1723.8	0	1723.8
Coast	2017021002	1697.63	0	1697.63
Coast	2017021003	1699.64	0	1699.64
Coast	2017021004	1743.8	0	1743.8
Coast	2017021005	1864.52	0	1864.52
Coast	2017021006	2041.42	0	2041.42
Coast	2017021007	2077.46	0	2077.46
Coast	2017021008	2071.9	0	2071.9
Coast	2017021009	2095.14	0	2095.14
Coast	2017021010	2131.33	0	2131.33
Coast	2017021011	2151.86	0	2151.86
Coast	2017021012	2167.81	0	2167.81
Coast	2017021013	2184.67	0	2184.67
Coast	2017021014	2191.09	0	2191.09
Coast	2017021015	2181.66	0	2181.66
Coast	2017021016	2170.71	0	2170.71
Coast	2017021017	2196.89	0	2196.89
Coast	2017021018	2266.33	0	2266.33
Coast	2017021019	2240.58	0	2240.58
Coast	2017021020	2194.86	0	2194.86
Coast	2017021021	2119.65	0	2119.65
Coast	2017021022	2004.12	0	2004.12
Coast	2017021023	1875.83	0	1875.83
Coast	2017021100	1794.57	0	1794.57
Coast	2017021101	1745.42	0	1745.42
Coast	2017021102	1713.9	0	1713.9
Coast	2017021103	1699.65	0	1699.65
Coast	2017021104	1724.45	0	1724.45
Coast	2017021105	1834.84	0	1834.84
Coast	2017021106	2004.64	0	2004.64
Coast	2017021107	2046.62	0	2046.62
Coast	2017021108	2061.26	0	2061.26
Coast	2017021109	2129.49	0	2129.49
Coast	2017021110	2193.32	0	2193.32
Coast	2017021111	2226.43	0	2226.43
Coast	2017021112	2237.15	0	2237.15
Coast	2017021113	2266.13	0	2266.13
Coast	2017021114	2274.63	0	2274.63
Coast	2017021115	2265.73	0	2265.73
Coast	2017021116	2253.23	0	2253.23
Coast	2017021117	2276.7	0	2276.7
Coast	2017021118	2338.02	0	2338.02
Coast	2017021119	2336.77	0	2336.77
Coast	2017021120	2296.1	0	2296.1
Coast	2017021121	2210.66	0	2210.66
Coast	2017021122	2074.35	0	2074.35
Coast	2017021123	1940.77	0	1940.77
Coast	2017021200	1844.58	0	1844.58
Coast	2017021201	1787.16	0	1787.16
Coast	2017021202	1749.65	0	1749.65
Coast	2017021203	1736.24	0	1736.24
Coast	2017021204	1753.61	0	1753.61
Coast	2017021205	1852.54	0	1852.54
Coast	2017021206	2010.9	0	2010.9
Coast	2017021207	2059.45	0	2059.45
Coast	2017021208	2078.59	0	2078.59
Coast	2017021209	2165.68	0	2165.68
Coast	2017021210	2260.87	0	2260.87
Coast	2017021211	2338.54	0	2338.54
Coast	2017021212	2386.55	0	2386.55
Coast	2017021213	2432.35	0	2432.35
Coast	2017021214	2445.52	0	2445.52
Coast	2017021215	2439.35	0	2439.35
Coast	2017021216	2400.98	0	2400.98
Coast	2017021217	2366.08	0	2366.08
Coast	2017021218	2400.95	0	2400.95
Coast	2017021219	2354.81	0	2354.81
Coast	2017021220	2290.91	0	2290.91
Coast	2017021221	2190.73	0	2190.73
Coast	2017021222	2060.86	0	2060.86
Coast	2017021223	1935.85	0	1935.85
Coast	2017021300	1832.57	0	1832.57
Coast	2017021301	1770.07	0	1770.07
Coast	2017021302	1734.91	0	1734.91
Coast	2017021303	1724.42	0	1724.42
Coast	2017021304	1752.22	0	1752.22
Coast	2017021305	1854.42	0	1854.42
Coast	2017021306	2016.11	0	2016.11
Coast	2017021307	2074.91	0	2074.91
Coast	2017021308	2089.05	0	2089.05
Coast	2017021309	2155.99	0	2155.99
Coast	2017021310	2232.37	0	2232.37
Coast	2017021311	2291.65	0	2291.65
Coast	2017021312	2325.61	0	2325.61
Coast	2017021313	2369.75	0	2369.75
Coast	2017021314	2374.91	0	2374.91
Coast	2017021315	2346.36	0	2346.36
Coast	2017021316	2308.19	0	2308.19
Coast	2017021317	2269.49	0	2269.49
Coast	2017021318	2288.57	0	2288.57
Coast	2017021319	2240.22	0	2240.22
Coast	2017021320	2189.18	0	2189.18
Coast	2017021321	2117.94	0	2117.94
Coast	2017021322	2042.54	0	2042.54
Coast	2017021323	1936.94	0	1936.94
Coast	2017021400	1870.18	0	1870.18
Coast	2017021401	1813.03	0	1813.03
Coast	2017021402	1766.76	0	1766.76
Coast	2017021403	1746.41	0	1746.41
Coast	2017021404	1743.33	0	1743.33
Coast	2017021405	1762.18	0	1762.18
Coast	2017021406	1810.7	0	1810.7
Coast	2017021407	1857.86	0	1857.86
Coast	2017021408	1934.37	0	1934.37
Coast	2017021409	2019.28	0	2019.28
Coast	2017021410	2084.73	0	2084.73
Coast	2017021411	2125.78	0	2125.78
Coast	2017021412	2151.07	0	2151.07
Coast	2017021413	2182.67	0	2182.67
Coast	2017021414	2206.44	0	2206.44
Coast	2017021415	2197.85	0	2197.85
Coast	2017021416	2152.97	0	2152.97
Coast	2017021417	2143.12	0	2143.12
Coast	2017021418	2186.47	0	2186.47
Coast	2017021419	2140.61	0	2140.61
Coast	2017021420	2083.73	0	2083.73
Coast	2017021421	2026.36	0	2026.36
Coast	2017021422	1949.1	0	1949.1
Coast	2017021423	1852.16	0	1852.16
Coast	2017021500	1770.91	0	1770.91
Coast	2017021501	1706.29	0	1706.29
Coast	2017021502	1668.92	0	1668.92
Coast	2017021503	1645.35	0	1645.35
Coast	2017021504	1644.13	0	1644.13
Coast	2017021505	1654.5	0	1654.5
Coast	2017021506	1688.64	0	1688.64
Coast	2017021507	1721.99	0	1721.99
Coast	2017021508	1776.44	0	1776.44
Coast	2017021509	1873.68	0	1873.68
Coast	2017021510	1951.68	0	1951.68
Coast	2017021511	2014.05	0	2014.05
Coast	2017021512	2060.17	0	2060.17
Coast	2017021513	2079.66	0	2079.66
Coast	2017021514	2070.41	0	2070.41
Coast	2017021515	2056.18	0	2056.18
Coast	2017021516	2033.8	0	2033.8
Coast	2017021517	2073.29	0	2073.29
Coast	2017021518	2138.96	0	2138.96
Coast	2017021519	2139.53	0	2139.53
Coast	2017021520	2107.41	0	2107.41
Coast	2017021521	2044.29	0	2044.29
Coast	2017021522	1952.15	0	1952.15
Coast	2017021523	1847.86	0	1847.86
Coast	2017021600	1746.87	0	1746.87
Coast	2017021601	1690.86	0	1690.86
Coast	2017021602	1661	0	1661
Coast	2017021603	1655.96	0	1655.96
Coast	2017021604	1682.82	0	1682.82
Coast	2017021605	1765.9	0	1765.9
Coast	2017021606	1880.98	0	1880.98
Coast	2017021607	1942.94	0	1942.94
Coast	2017021608	2006.52	0	2006.52
Coast	2017021609	2122.06	0	2122.06
Coast	2017021610	2243.43	0	2243.43
Coast	2017021611	2339.57	0	2339.57
Coast	2017021612	2387.24	0	2387.24
Coast	2017021613	2411.84	0	2411.84
Coast	2017021614	2412.32	0	2412.32
Coast	2017021615	2405.01	0	2405.01
Coast	2017021616	2368.26	0	2368.26
Coast	2017021617	2363.27	0	2363.27
Coast	2017021618	2424.6	0	2424.6
Coast	2017021619	2395.15	0	2395.15
Coast	2017021620	2341.12	0	2341.12
Coast	2017021621	2244.76	0	2244.76
Coast	2017021622	2114.87	0	2114.87
Coast	2017021623	1966.19	0	1966.19
Coast	2017021700	1894.41	0	1894.41
Coast	2017021701	1835.1	0	1835.1
Coast	2017021702	1793.48	0	1793.48
Coast	2017021703	1783.07	0	1783.07
Coast	2017021704	1820.25	0	1820.25
Coast	2017021705	1929.09	0	1929.09
Coast	2017021706	2105.37	0	2105.37
Coast	2017021707	2163.72	0	2163.72
Coast	2017021708	2149.63	0	2149.63
Coast	2017021709	2168.64	0	2168.64
Coast	2017021710	2173.08	0	2173.08
Coast	2017021711	2186.16	0	2186.16
Coast	2017021712	2179.01	0	2179.01
Coast	2017021713	2176.17	0	2176.17
Coast	2017021714	2147.73	0	2147.73
Coast	2017021715	2113.55	0	2113.55
Coast	2017021716	2097.32	0	2097.32
Coast	2017021717	2137.57	0	2137.57
Coast	2017021718	2177.06	0	2177.06
Coast	2017021719	2149.91	0	2149.91
Coast	2017021720	2117.04	0	2117.04
Coast	2017021721	2041.05	0	2041.05
Coast	2017021722	1919.02	0	1919.02
Coast	2017021723	1810.39	0	1810.39
Coast	2017021800	1739.12	0	1739.12
Coast	2017021801	1700.75	0	1700.75
Coast	2017021802	1676.09	0	1676.09
Coast	2017021803	1674.08	0	1674.08
Coast	2017021804	1711.25	0	1711.25
Coast	2017021805	1827.75	0	1827.75
Coast	2017021806	1991.1	0	1991.1
Coast	2017021807	2066.88	0	2066.88
Coast	2017021808	2084.21	0	2084.21
Coast	2017021809	2119.85	0	2119.85
Coast	2017021810	2175.25	0	2175.25
Coast	2017021811	2206.85	0	2206.85
Coast	2017021812	2217.73	0	2217.73
Coast	2017021813	2215.12	0	2215.12
Coast	2017021814	2178.94	0	2178.94
Coast	2017021815	2153.05	0	2153.05
Coast	2017021816	2133.83	0	2133.83
Coast	2017021817	2160.77	0	2160.77
Coast	2017021818	2204.6	0	2204.6
Coast	2017021819	2164.89	0	2164.89
Coast	2017021820	2126.6	0	2126.6
Coast	2017021821	2037.21	0	2037.21
Coast	2017021822	1913.42	0	1913.42
Coast	2017021823	1776.11	0	1776.11
Coast	2017021900	1695.61	0	1695.61
Coast	2017021901	1647.37	0	1647.37
Coast	2017021902	1619.84	0	1619.84
Coast	2017021903	1622.02	0	1622.02
Coast	2017021904	1653.17	0	1653.17
Coast	2017021905	1771.44	0	1771.44
Coast	2017021906	1948.26	0	1948.26
Coast	2017021907	2035.43	0	2035.43
Coast	2017021908	2054.55	0	2054.55
Coast	2017021909	2087.1	0	2087.1
Coast	2017021910	2120.41	0	2120.41
Coast	2017021911	2139.15	0	2139.15
Coast	2017021912	2116.01	0	2116.01
Coast	2017021913	2115.04	0	2115.04
Coast	2017021914	2084.83	0	2084.83
Coast	2017021915	2076.04	0	2076.04
Coast	2017021916	2066.56	0	2066.56
Coast	2017021917	2087.75	0	2087.75
Coast	2017021918	2141.79	0	2141.79
Coast	2017021919	2127.89	0	2127.89
Coast	2017021920	2086.52	0	2086.52
Coast	2017021921	2003.93	0	2003.93
Coast	2017021922	1890.95	0	1890.95
Coast	2017021923	1778.82	0	1778.82
Coast	2017022000	1710.55	0	1710.55
Coast	2017022001	1670.81	0	1670.81
Coast	2017022002	1647.74	0	1647.74
Coast	2017022003	1638.66	0	1638.66
Coast	2017022004	1678.4	0	1678.4
Coast	2017022005	1784.01	0	1784.01
Coast	2017022006	1942.62	0	1942.62
Coast	2017022007	2006.3	0	2006.3
Coast	2017022008	2031.72	0	2031.72
Coast	2017022009	2075.86	0	2075.86
Coast	2017022010	2126.44	0	2126.44
Coast	2017022011	2174.07	0	2174.07
Coast	2017022012	2229.25	0	2229.25
Coast	2017022013	2280.84	0	2280.84
Coast	2017022014	2296.97	0	2296.97
Coast	2017022015	2273.5	0	2273.5
Coast	2017022016	2237.97	0	2237.97
Coast	2017022017	2236.69	0	2236.69
Coast	2017022018	2194.45	0	2194.45
Coast	2017022019	2143.92	0	2143.92
Coast	2017022020	2093.02	0	2093.02
Coast	2017022021	2032.72	0	2032.72
Coast	2017022022	1935.67	0	1935.67
Coast	2017022023	1842.96	0	1842.96
Coast	2017022100	1747.27	0	1747.27
Coast	2017022101	1694.36	0	1694.36
Coast	2017022102	1660.17	0	1660.17
Coast	2017022103	1639.55	0	1639.55
Coast	2017022104	1639.51	0	1639.51
Coast	2017022105	1673.72	0	1673.72
Coast	2017022106	1727.73	0	1727.73
Coast	2017022107	1776.42	0	1776.42
Coast	2017022108	1844.31	0	1844.31
Coast	2017022109	1924.03	0	1924.03
Coast	2017022110	2008.83	0	2008.83
Coast	2017022111	2067.89	0	2067.89
Coast	2017022112	2100.43	0	2100.43
Coast	2017022113	2145.86	0	2145.86
Coast	2017022114	2190.82	0	2190.82
Coast	2017022115	2212.18	0	2212.18
Coast	2017022116	2198.52	0	2198.52
Coast	2017022117	2156.15	0	2156.15
Coast	2017022118	2176.9	0	2176.9
Coast	2017022119	2131	0	2131
Coast	2017022120	2083.91	0	2083.91
Coast	2017022121	2027.14	0	2027.14
Coast	2017022122	1942.36	0	1942.36
Coast	2017022123	1816.53	0	1816.53
Coast	2017022200	1713.26	0	1713.26
Coast	2017022201	1645.78	0	1645.78
Coast	2017022202	1605.41	0	1605.41
Coast	2017022203	1583.86	0	1583.86
Coast	2017022204	1573.87	0	1573.87
Coast	2017022205	1586.5	0	1586.5
Coast	2017022206	1628.37	0	1628.37
Coast	2017022207	1646.74	0	1646.74
Coast	2017022208	1722.35	0	1722.35
Coast	2017022209	1799.3	0	1799.3
Coast	2017022210	1848.65	0	1848.65
Coast	2017022211	1889.27	0	1889.27
Coast	2017022212	1900	0	1900
Coast	2017022213	1901.66	0	1901.66
Coast	2017022214	1895.82	0	1895.82
Coast	2017022215	1886.35	0	1886.35
Coast	2017022216	1880.32	0	1880.32
Coast	2017022217	1913.17	0	1913.17
Coast	2017022218	2023.23	0	2023.23
Coast	2017022219	2034.15	0	2034.15
Coast	2017022220	2007.33	0	2007.33
Coast	2017022221	1948.38	0	1948.38
Coast	2017022222	1844.1	0	1844.1
Coast	2017022223	1737.07	0	1737.07
Coast	2017022300	1638	0	1638
Coast	2017022301	1599.9	0	1599.9
Coast	2017022302	1591.47	0	1591.47
Coast	2017022303	1608.08	0	1608.08
Coast	2017022304	1662.92	0	1662.92
Coast	2017022305	1804.51	0	1804.51
Coast	2017022306	2010.71	0	2010.71
Coast	2017022307	2070.76	0	2070.76
Coast	2017022308	2051.32	0	2051.32
Coast	2017022309	2059.18	0	2059.18
Coast	2017022310	2069.52	0	2069.52
Coast	2017022311	2059.87	0	2059.87
Coast	2017022312	2046.58	0	2046.58
Coast	2017022313	2061.69	0	2061.69
Coast	2017022314	2066.43	0	2066.43
Coast	2017022315	2071.94	0	2071.94
Coast	2017022316	2073.69	0	2073.69
Coast	2017022317	2065.11	0	2065.11
Coast	2017022318	2133.21	0	2133.21
Coast	2017022319	2129.61	0	2129.61
Coast	2017022320	2090.37	0	2090.37
Coast	2017022321	2001.49	0	2001.49
Coast	2017022322	1881.66	0	1881.66
Coast	2017022323	1757.29	0	1757.29
Coast	2017022400	1710.47	0	1710.47
Coast	2017022401	1678.79	0	1678.79
Coast	2017022402	1661.85	0	1661.85
Coast	2017022403	1666.82	0	1666.82
Coast	2017022404	1711.86	0	1711.86
Coast	2017022405	1841.6	0	1841.6
Coast	2017022406	2022.87	0	2022.87
Coast	2017022407	2057.64	0	2057.64
Coast	2017022408	2046.13	0	2046.13
Coast	2017022409	2074.73	0	2074.73
Coast	2017022410	2120.7	0	2120.7
Coast	2017022411	2157.36	0	2157.36
Coast	2017022412	2192.05	0	2192.05
Coast	2017022413	2239.23	0	2239.23
Coast	2017022414	2274.44	0	2274.44
Coast	2017022415	2287.58	0	2287.58
Coast	2017022416	2257.91	0	2257.91
Coast	2017022417	2231.44	0	2231.44
Coast	2017022418	2282.15	0	2282.15
Coast	2017022419	2266.33	0	2266.33
Coast	2017022420	2224.92	0	2224.92
Coast	2017022421	2130.87	0	2130.87
Coast	2017022422	2001.09	0	2001.09
Coast	2017022423	1873.3	0	1873.3
Coast	2017022500	1789.33	0	1789.33
Coast	2017022501	1735.26	0	1735.26
Coast	2017022502	1702.37	0	1702.37
Coast	2017022503	1688.72	0	1688.72
Coast	2017022504	1719.28	0	1719.28
Coast	2017022505	1836.48	0	1836.48
Coast	2017022506	2018.39	0	2018.39
Coast	2017022507	2082.44	0	2082.44
Coast	2017022508	2087.64	0	2087.64
Coast	2017022509	2118.94	0	2118.94
Coast	2017022510	2139.48	0	2139.48
Coast	2017022511	2148.5	0	2148.5
Coast	2017022512	2152.47	0	2152.47
Coast	2017022513	2174.99	0	2174.99
Coast	2017022514	2178.83	0	2178.83
Coast	2017022515	2155.11	0	2155.11
Coast	2017022516	2116.45	0	2116.45
Coast	2017022517	2122.06	0	2122.06
Coast	2017022518	2169.68	0	2169.68
Coast	2017022519	2111.22	0	2111.22
Coast	2017022520	2045.77	0	2045.77
Coast	2017022521	1954.47	0	1954.47
Coast	2017022522	1832.09	0	1832.09
Coast	2017022523	1713.58	0	1713.58
Coast	2017022600	1627.91	0	1627.91
Coast	2017022601	1589.87	0	1589.87
Coast	2017022602	1572.88	0	1572.88
Coast	2017022603	1577.55	0	1577.55
Coast	2017022604	1635.98	0	1635.98
Coast	2017022605	1781.94	0	1781.94
Coast	2017022606	1988.32	0	1988.32
Coast	2017022607	2061.12	0	2061.12
Coast	2017022608	2066.6	0	2066.6
Coast	2017022609	2108.17	0	2108.17
Coast	2017022610	2118.63	0	2118.63
Coast	2017022611	2105.3	0	2105.3
Coast	2017022612	2064.37	0	2064.37
Coast	2017022613	2037.62	0	2037.62
Coast	2017022614	2004.88	0	2004.88
Coast	2017022615	1979.94	0	1979.94
Coast	2017022616	1971.14	0	1971.14
Coast	2017022617	2007.32	0	2007.32
Coast	2017022618	2127.41	0	2127.41
Coast	2017022619	2145.44	0	2145.44
Coast	2017022620	2125.2	0	2125.2
Coast	2017022621	2067.55	0	2067.55
Coast	2017022622	1972.33	0	1972.33
Coast	2017022623	1873.55	0	1873.55
Coast	2017022700	1811.89	0	1811.89
Coast	2017022701	1779.21	0	1779.21
Coast	2017022702	1769.41	0	1769.41
Coast	2017022703	1778.85	0	1778.85
Coast	2017022704	1842.6	0	1842.6
Coast	2017022705	1985.1	0	1985.1
Coast	2017022706	2202.96	0	2202.96
Coast	2017022707	2261.85	0	2261.85
Coast	2017022708	2255.95	0	2255.95
Coast	2017022709	2271.74	0	2271.74
Coast	2017022710	2254.21	0	2254.21
Coast	2017022711	2187.55	0	2187.55
Coast	2017022712	2127.81	0	2127.81
Coast	2017022713	2094.87	0	2094.87
Coast	2017022714	2076.99	0	2076.99
Coast	2017022715	2069.7	0	2069.7
Coast	2017022716	2087.46	0	2087.46
Coast	2017022717	2129.33	0	2129.33
Coast	2017022718	2207.18	0	2207.18
Coast	2017022719	2211.39	0	2211.39
Coast	2017022720	2176.22	0	2176.22
Coast	2017022721	2118.76	0	2118.76
Coast	2017022722	2021.29	0	2021.29
Coast	2017022723	1935.82	0	1935.82
Coast	2017022800	1869.14	0	1869.14
Coast	2017022801	1821.21	0	1821.21
Coast	2017022802	1805.86	0	1805.86
Coast	2017022803	1797.89	0	1797.89
Coast	2017022804	1802.93	0	1802.93
Coast	2017022805	1849.59	0	1849.59
Coast	2017022806	1925.68	0	1925.68
Coast	2017022807	1998.23	0	1998.23
Coast	2017022808	2083.51	0	2083.51
Coast	2017022809	2163.39	0	2163.39
Coast	2017022810	2164.39	0	2164.39
Coast	2017022811	2131.76	0	2131.76
Coast	2017022812	2074.83	0	2074.83
Coast	2017022813	2027.6	0	2027.6
Coast	2017022814	1982.32	0	1982.32
Coast	2017022815	1949.06	0	1949.06
Coast	2017022816	1936.01	0	1936.01
Coast	2017022817	1967.72	0	1967.72
Coast	2017022818	2095.77	0	2095.77
Coast	2017022819	2125.34	0	2125.34
Coast	2017022820	2124.4	0	2124.4
Coast	2017022821	2107.08	0	2107.08
Coast	2017022822	2063.38	0	2063.38
Coast	2017022823	2004.97	0	2004.97
